-0.004166665052374202,5.2377576618736146e-11
0.04916666907568773,8.827576636266137e-11
-0.004166665052374202,-1.7984766784439228e-11
0.0008333350221315927,4.475308582092532e-12
0.025833335394660623,4.007596888955486e-11
-0.004166665052374202,5.037081917497397e-11
0.04083333561817806,-3.714460734611439e-11
-0.004166665052374202,-5.769965200571205e-11
0.07916666952272257,2.867013850526022e-10
0.06083333591620127,1.967058851493923e-10
-0.004166665052374202,4.01733677608178e-11
0.042500002309679985,1.4556817987036653e-10
-0.004166665052374202,3.773087834488429e-11
0.05416666915019354,1.3054678673601817e-10
0.05583333584169546,-6.867141720977961e-11
0.03916666892667611,-1.0139114956621797e-10
0.03250000216066837,1.3049962539773594e-10
0.004166668405135465,2.9435763495015155e-11
0.03750000223517419,8.601882194841673e-11
0.03583333554367224,-5.648375630635053e-11
0.030833335469166445,1.3355699375359565e-10
-0.004166665052374202,-2.925618270192133e-11
0.11083333666125933,3.6177094462039235e-10
0.027500002086162573,-1.080997253294997e-10
0.050833335767189666,6.390799690772596e-11
-0.0024999983608722798,2.9460929378293586e-11
0.0241666687031587,-9.111110989197452e-11
0.0525000024586916,2.1201388605197934e-10
0.017500001937150955,-4.1673212464319417e-10
-0.004166665052374202,1.7662499763662117e-10
-0.0008333316693703297,1.9697728527344988e-12
0.0008333350221315927,4.5006277936594536e-11
0.03583333554367224,7.031249905916466e-11
-0.004166665052374202,3.683159672938663e-11
0.0575000025331974,2.579528123779248e-11
0.059166669224699334,6.51892235870763e-11
-0.004166665052374202,1.5022961268515606e-11
0.05416666915019354,1.3720959412362524e-10
0.06416666929920514,1.5867019561698267e-10
-0.0024999983608722798,1.2196534145404962e-11
0.02250000201165675,6.151515069203034e-11
-0.0024999983608722798,6.622907065109039e-12
0.0241666687031587,3.2525509768865353e-12
0.005833335096637415,-8.841852688103822e-11
-0.0024999983608722798,5.246527707575192e-10
0.04583333569268386,-1.202735244677445e-10
-0.004166665052374202,-6.489115559429098e-11
-0.004166665052374202,6.798611020140468e-11
-0.005833331743876152,1.630314305670529e-10
-0.0024999983608722798,7.046767359002817e-11
0.04583333569268386,2.856019264985758e-10
0.06416666929920514,7.809343329848603e-12
-0.004166665052374202,6.7453544793286865e-12
0.1325000036507845,3.978017665486446e-10
0.005833335096637415,5.8179356352144276e-11
-0.004166665052374202,6.887977534781773e-11
-0.0008333316693703297,-2.1437239000221515e-11
-0.005833331743876152,7.388888790019838e-11
0.002500001713633543,1.6295661882406535e-12
0.06583333599070708,2.5107638552929245e-10
0.06583333599070708,8.209345464540471e-11
-0.005833331743876152,-1.8895812100298473e-11
0.09750000312924385,2.939755163190743e-10
0.0008333350221315927,2.4181769910414732e-11
0.0241666687031587,6.288194360303552e-11
-0.0024999983608722798,-3.1358948349521273e-11
0.07250000275671482,1.0603522669007009e-10
0.04916666907568773,5.407312852816091e-11
0.03916666892667611,-5.577003568362757e-11
-0.0024999983608722798,-1.3422222042622469e-11
-0.0024999983608722798,2.376268664784906e-11
-0.0008333316693703297,8.210196367106017e-11
0.06916666937371095,2.86458329500299e-10
-0.005833331743876152,-1.5575396616986843e-11
0.03416666885217032,7.380050406299782e-11
-0.0024999983608722798,7.94579410338186e-11
-0.004166665052374202,5.053743089648843e-11
0.15416667064030964,2.399716707656022e-10
0.02250000201165675,1.7185833103373645e-10
-0.0008333316693703297,1.4041019767774756e-11
0.04583333569268386,9.429421642534546e-11
0.05583333584169546,7.843749895044491e-11
0.002500001713633543,2.2486824804507934e-11
0.07916666952272257,2.8482638507769156e-10
0.0758333361397187,1.976416640220681e-10
0.07250000275671482,1.3160673339881768e-10
0.06083333591620127,-2.973917648798292e-11
0.025833335394660623,1.4545454350824711e-11
-0.004166665052374202,1.2904777314235149e-10
-0.005833331743876152,1.4592360915854062e-10
0.004166668405135465,6.24996791432259e-11
0.050833335767189666,1.5606388680063288e-10
0.042500002309679985,1.8705176517387077e-10
0.04083333561817806,2.2364583034077965e-10
0.07750000283122063,3.099939369407814e-10
0.004166668405135465,8.683712005017343e-11
0.10250000320374966,1.3175776659856134e-10
-0.005833331743876152,-2.2842201836254092e-11
0.11083333666125933,7.33827357816935e-12
0.0008333350221315927,6.783546262332497e-11
0.03416666885217032,3.0234810074809613e-11
0.0008333350221315927,3.798334622811608e-11
-0.0008333316693703297,-6.141897590643426e-11
0.06750000268220901,7.786696291199977e-11
0.10750000327825546,1.8572916418146709e-10
0.04416666900118192,2.0267360839918167e-10
0.019166668628652878,1.258163248470926e-10
-0.004166665052374202,4.864137418701291e-11
0.0008333350221315927,1.4782485677905315e-10
0.0008333350221315927,5.709374923604173e-11
0.13083333695928256,2.0335833061224126e-10
0.0008333350221315927,7.850271522673633e-11
0.1325000036507845,2.9958332932467616e-10
0.08083333621422449,1.08452955538062e-10
0.11250000335276127,4.465555495802969e-10
-0.004166665052374202,1.6535087498046933e-11
0.03750000223517419,2.1544655708772546e-10
0.06750000268220901,2.47491663355036e-10
0.0008333350221315927,1.445713582187794e-10
0.04416666900118192,-2.588688489951518e-10
0.004166668405135465,1.4776594348141487e-11
0.0758333361397187,2.688817991232425e-10
0.042500002309679985,1.4128669450486646e-10
-0.004166665052374202,6.835279455601621e-11
-0.005833331743876152,3.887896773373816e-11
0.027500002086162573,2.2992423934767228e-11
0.09416666974623998,1.2779722051219627e-10
-0.004166665052374202,6.9544672608961905e-12
0.01083333517114321,6.454861024740122e-11
0.0625000026077032,1.7734996046601207e-10
0.004166668405135465,1.2470628406769639e-10
0.09083333636323611,1.8246843190186553e-10
0.1041666698952516,2.6530302675306976e-10
0.04916666907568773,9.30249987552533e-11
-0.004166665052374202,1.1741958907211064e-10
-0.0008333316693703297,8.264277499099936e-11
0.06916666937371095,1.1308003615168408e-10
0.06916666937371095,2.582833298773037e-10
0.029166668777664495,1.4046374576643757e-10
0.05416666915019354,8.067806278166815e-11
0.09583333643774192,1.3107882581945595e-10
-0.0024999983608722798,3.2945460263770594e-11
0.04916666907568773,1.0988944483208337e-10
0.030833335469166445,6.414141328315221e-11
0.02250000201165675,5.7720958823607586e-11
-0.0008333316693703297,-1.084550472349305e-11
-0.0024999983608722798,4.1970571495606516e-11
0.027500002086162573,1.4203096349113727e-10
-0.005833331743876152,1.9791666401839197e-11
-0.005833331743876152,9.812044495301105e-11
-0.004166665052374202,5.152126667171661e-11
0.0008333350221315927,-1.6615914986280354e-11
0.04416666900118192,1.1006436729801766e-10
-0.004166665052374202,1.973651934375346e-10
-0.004166665052374202,4.171763450804418e-12
0.05416666915019354,2.0119501058051297e-10
0.030833335469166445,4.890112928916715e-11
0.04583333569268386,1.215814065139609e-10
0.029166668777664495,1.1126211633374712e-10
0.009166668479641288,3.1292424685568396e-11
0.0525000024586916,2.0787718042171222e-10
-0.005833331743876152,3.7451388387760713e-10
0.05416666915019354,1.7196513750765574e-10
-0.004166665052374202,-2.9997738616695005e-11
-0.005833331743876152,1.6522623204748928e-11
0.09083333636323611,2.679252565412995e-10
0.06916666937371095,4.1432087888559835e-12
0.025833335394660623,1.3376997219742077e-11
-0.0008333316693703297,4.435620241399848e-11
0.0575000025331974,1.77291664294367e-10
-0.0024999983608722798,5.760929398048942e-11
0.03916666892667611,7.010347588315337e-11
0.0008333350221315927,1.0278769703732072e-10
0.015833335245649033,-5.535813749783667e-12
-0.0008333316693703297,-2.072916638929441e-10
0.07250000275671482,-5.66319436866656e-11
-0.0024999983608722798,5.0796069781015036e-11
0.004166668405135465,5.36207890618393e-11
-0.0008333316693703297,-7.582984069855965e-11
0.04916666907568773,1.474823465958774e-10
0.047500002384185794,2.4975694110250297e-10
0.03916666892667611,7.329722124144752e-11
0.002500001713633543,7.774801483268742e-11
-0.0024999983608722798,9.284458384908944e-11
0.0008333350221315927,3.988578918163283e-11
0.005833335096637415,-1.2676008798995147e-10
-0.0024999983608722798,9.787453221630669e-12
0.04083333561817806,8.842499881680462e-11
0.047500002384185794,2.5344999660864395e-10
0.0008333350221315927,3.6388888401978074e-11
-0.0008333316693703297,3.3096732377445546e-11
0.06583333599070708,1.2889520029548493e-10
0.0008333350221315927,9.127777655641108e-11
0.06583333599070708,1.238320690501013e-10
0.10083333651224773,2.8752469786783506e-10
0.059166669224699334,1.7478766244463378e-10
0.0525000024586916,3.475347175719387e-10
-0.004166665052374202,1.3768593005729744e-10
0.03583333554367224,-1.781249976165602e-11
-0.0024999983608722798,3.6845752304534734e-11
0.03250000216066837,-1.1357812928662956e-10
0.042500002309679985,5.5226268576702055e-11
0.0858333362887303,1.6753471998047833e-10
-0.004166665052374202,4.171163013731514e-12
0.019166668628652878,-1.5613275404357966e-10
0.029166668777664495,-1.30948768739608e-10
0.06750000268220901,1.8126718449386538e-10
0.027500002086162573,3.2240259308860934e-11
0.0008333350221315927,2.2845875348351396e-11
0.0575000025331974,1.4590346796279654e-10
0.20583333807686965,5.065603673714907e-10
-0.0024999983608722798,4.938537091205716e-11
0.030833335469166445,8.690972105930323e-11
0.05416666915019354,2.0868526086111382e-10
-0.004166665052374202,1.4546542358547522e-10
0.004166668405135465,5.677776062030464e-11
0.014166668554147083,6.394371259467529e-11
0.04083333561817806,1.1850298126296061e-11
-0.004166665052374202,-1.958730132520848e-11
0.10750000327825546,3.0302082927868044e-10
0.09083333636323611,7.01041657286188e-11
0.07916666952272257,2.4512688856202024e-10
0.08250000290572643,2.528819410606877e-10
0.03750000223517419,1.1597222067042358e-10
0.03916666892667611,1.376463441686255e-10
0.06416666929920514,1.7075535418084203e-10
0.06083333591620127,2.260286573248743e-10
0.0008333350221315927,4.403219414973079e-12
0.029166668777664495,7.137588161647005e-11
0.0758333361397187,1.2775470638847096e-10
0.07750000283122063,2.3772992992935755e-10
-0.004166665052374202,-3.976984073768997e-11
0.050833335767189666,6.188511690555699e-11
0.0008333350221315927,1.0717655868766059e-10
0.042500002309679985,-3.491976273857549e-10
0.03916666892667611,1.8742916877296885e-10
0.06750000268220901,4.0889770913286544e-11
0.07416666944821676,1.9672335337675901e-10
0.0008333350221315927,3.516653954970741e-11
-0.004166665052374202,-1.458619682658964e-11
0.08083333621422449,-4.600378726322156e-11
-0.0024999983608722798,-2.018055528552445e-10
0.09916666982074579,2.7357638522822526e-10
0.0008333350221315927,1.1690931623932169e-11
0.02250000201165675,1.6697928213480318e-10
0.002500001713633543,9.149296414371827e-11
-0.004166665052374202,-2.3250307191968222e-11
0.05416666915019354,2.611955483691584e-10
0.029166668777664495,1.4068106124050184e-10
0.002500001713633543,2.4167906422646094e-11
0.03583333554367224,1.3194444267892496e-10
-0.0024999983608722798,1.0040461767821685e-12
0.07250000275671482,1.0345870480505251e-10
0.002500001713633543,7.513541566129566e-11
0.047500002384185794,8.537425314547149e-11
0.007500001788139338,-1.296780285678381e-10
0.047500002384185794,1.6765782603943678e-10
0.03750000223517419,4.4227886835096867e-11
0.15916667071481547,2.4815630553070184e-10
-0.0008333316693703297,5.4439771854855405e-11
0.030833335469166445,9.804924111226726e-11
0.005833335096637415,3.358481042531357e-11
0.04916666907568773,7.0485178027771e-11
-0.0008333316693703297,-7.975258659655772e-11
0.1141666700442632,3.5123163371832834e-10
0.06750000268220901,1.9011388634501805e-10
0.030833335469166445,1.1968201594242135e-10
0.03250000216066837,1.4143307891559658e-10
0.1558333373318116,5.905734384253548e-10
0.047500002384185794,6.462752438775843e-11
-0.0024999983608722798,6.470379732015381e-11
0.16250000409781934,2.8776857598754983e-10
0.025833335394660623,2.745201144514682e-11
0.047500002384185794,6.319304538858144e-11
0.07916666952272257,2.485444411187273e-10
0.03250000216066837,-1.3885626212410306e-11
0.05583333584169546,2.2137959569997685e-10
0.007500001788139338,1.0976176877612378e-10
0.03583333554367224,1.2076388727297444e-10
0.10250000320374966,2.0257777506713093e-10
-0.0008333316693703297,-3.209850563959053e-11
0.0525000024586916,2.2387773762121423e-10
-0.004166665052374202,4.544035613667721e-11
-0.0024999983608722798,2.9172704923656237e-11
0.1425000037997961,3.331944399860447e-10
0.004166668405135465,-6.4984620429968395e-12
0.04416666900118192,-4.765195205765027e-11
0.047500002384185794,1.786558669339203e-10
0.0241666687031587,-1.0718174985353696e-10
-0.004166665052374202,9.163467417960005e-11
-0.004166665052374202,1.0862292998862752e-11
-0.004166665052374202,1.1028696350482172e-11
-0.004166665052374202,1.625659391369776e-11
-0.0008333316693703297,2.2058203336491854e-11
0.030833335469166445,1.2765752998460995e-10
-0.0024999983608722798,2.6581471580173408e-11
0.0008333350221315927,4.9530391494107804e-11
0.03750000223517419,2.7665403670219595e-10
0.029166668777664495,6.837248230659898e-11
0.05583333584169546,1.5511299227475144e-10
-0.004166665052374202,4.692638826097766e-10
0.05583333584169546,1.228743152957374e-10
-0.0024999983608722798,6.126068294096869e-11
-0.0024999983608722798,-6.3042533878670205e-12
0.0625000026077032,-5.3746077169355904e-11
-0.0024999983608722798,3.541068328686138e-11
-0.004166665052374202,4.8366545246538564e-11
-0.004166665052374202,-7.932692201546743e-11
0.0575000025331974,1.9496724934213569e-10
0.047500002384185794,8.687708913852086e-11
0.06416666929920514,1.7635160092140884e-11
0.019166668628652878,1.1908580510364723e-10
0.047500002384185794,8.275892089409375e-11
0.0525000024586916,1.5796195440808676e-10
-0.004166665052374202,1.4998004985830033e-11
0.04416666900118192,7.735857223915321e-11
0.07250000275671482,1.4166666477105636e-10
0.04416666900118192,-3.761111060785433e-12
0.025833335394660623,-1.5990679003459115e-12
0.025833335394660623,-7.275027405404753e-11
-0.005833331743876152,4.4205283961344797e-11
0.03250000216066837,1.9745053008245023e-11
-0.0024999983608722798,1.6647199230799585e-10
0.03583333554367224,1.1977259726740625e-10
-0.0008333316693703297,4.039859154467122e-11
-0.0024999983608722798,4.771420123948141e-11
0.08083333621422449,2.2315515052278387e-10
-0.0008333316693703297,4.860899001963469e-11
0.029166668777664495,6.127634017624378e-11
0.02250000201165675,2.0258450764707846e-10
0.0525000024586916,1.198881415725373e-10
0.03250000216066837,5.672691241239969e-11
-0.004166665052374202,3.0275965778459476e-11
0.009166668479641288,7.043074962093822e-11
-0.0024999983608722798,2.0040010769377715e-11
0.009166668479641288,1.3514188634230711e-10
0.019166668628652878,1.1266110960361814e-10
-0.0024999983608722798,5.0697766466759996e-11
0.050833335767189666,-1.1054924094500849e-10
0.007500001788139338,1.025608960635527e-10
-0.004166665052374202,1.4322348293204447e-10
0.030833335469166445,4.3005685479733573e-11
-0.0008333316693703297,3.401778251470148e-11
-0.004166665052374202,-6.17186563339904e-11
0.009166668479641288,-1.0417976799802897e-11
0.047500002384185794,1.5135416464143074e-10
-0.004166665052374202,2.396539130045405e-10
-0.0024999983608722798,1.3524305374590465e-11
0.002500001713633543,-5.584192365146026e-13
-0.0024999983608722798,-3.3675213224613014e-11
-0.0008333316693703297,6.26583324949165e-11
0.04083333561817806,4.0317459777980934e-11
0.002500001713633543,-1.096458702332831e-10
0.007500001788139338,-2.3542624206054296e-11
0.030833335469166445,2.8249528812206732e-11
0.0008333350221315927,1.0454623147780246e-10
0.019166668628652878,1.9895856607600988e-10
0.03916666892667611,-6.206335851551257e-11
0.015833335245649033,-1.6039508954742607e-10
0.0525000024586916,-3.3967990715467767e-12
0.020833335320154828,-1.7785310496482177e-11
0.029166668777664495,-1.5122149634788288e-11
0.004166668405135465,-3.3660029653598435e-11
0.03916666892667611,2.3593434027735994e-10
0.004166668405135465,1.3649837611353037e-10
-0.004166665052374202,2.608721217517766e-11
-0.0024999983608722798,3.731789469526909e-12
0.03916666892667611,2.4681414571267127e-10
0.0008333350221315927,5.7255622071245813e-11
-0.005833331743876152,-4.47356085044825e-11
0.03416666885217032,1.2054988500826384e-10
0.029166668777664495,1.1636698203725228e-10
-0.0008333316693703297,-4.91509655258972e-11
0.030833335469166445,1.2045909015911576e-10
0.03750000223517419,1.0171568491347418e-10
-0.004166665052374202,5.8020233897973724e-11
0.0008333350221315927,-2.958677078122286e-11
0.0008333350221315927,1.1556638701915182e-11
0.009166668479641288,-7.263888791692382e-11
0.004166668405135465,3.661111062122584e-11
0.09250000305473804,2.276963729650195e-10
0.04083333561817806,-1.452029550463212e-10
0.020833335320154828,-5.202020132413763e-12
-0.0024999983608722798,2.6478994136048683e-11
0.0575000025331974,3.556912728373814e-11
-0.0008333316693703297,-9.876407112093432e-12
0.002500001713633543,-2.9165403650148694e-11
0.002500001713633543,7.502090441715365e-11
0.029166668777664495,1.015240478585319e-10
0.025833335394660623,1.554715741470598e-10
-0.0008333316693703297,-3.524923849333082e-11
0.009166668479641288,-4.892495165817414e-11
0.015833335245649033,-2.436417104875337e-11
0.042500002309679985,6.640866201158859e-11
0.03916666892667611,1.6115748371929508e-10
0.0525000024586916,2.0908014670400686e-10
0.002500001713633543,5.0385213575931244e-11
0.0008333350221315927,-6.825891072866005e-11
-0.004166665052374202,6.867831449321779e-11
-0.0024999983608722798,3.001041626510408e-10
0.03416666885217032,1.1700164626870318e-10
-0.004166665052374202,-3.287971946100358e-11
0.0575000025331974,1.0136363500731227e-10
0.06083333591620127,-3.823863585197448e-11
0.12916667026778061,1.186553014426032e-10
-0.0008333316693703297,7.833333228517262e-11
0.0625000026077032,1.173948004093644e-10
0.002500001713633543,-2.1815024960623892e-11
-0.004166665052374202,-3.498952467147822e-11
-0.0024999983608722798,6.96772866493633e-11
-0.004166665052374202,1.0165277641758475e-10
0.005833335096637415,-4.574846767729563e-12
-0.0008333316693703297,-1.9465693745842625e-11
0.03583333554367224,-3.291643397055258e-11
0.03750000223517419,1.232291650177643e-10
0.06583333599070708,1.6598313601759005e-10
0.0241666687031587,1.822517852400987e-10
0.0241666687031587,8.142361002159897e-11
0.047500002384185794,9.243055431876199e-11
-0.004166665052374202,2.364044136759273e-11
-0.004166665052374202,5.89775559197928e-11
-0.004166665052374202,1.2131486406657978e-10
0.03916666892667611,1.1158212411080957e-10
0.009166668479641288,6.87873922419639e-11
0.0008333350221315927,-1.4772625250359313e-11
0.06916666937371095,1.9273055297667076e-10
-0.0024999983608722798,9.853325727646952e-12
0.04583333569268386,-9.370248412630615e-11
-0.0008333316693703297,4.2769141626909724e-11
0.05416666915019354,-6.909722129766162e-12
-0.0024999983608722798,1.1592089216869652e-10
-0.0008333316693703297,2.0631516710144605e-11
0.04083333561817806,1.7391326110189719e-10
-0.004166665052374202,7.530158629399395e-11
0.047500002384185794,1.2227272563662255e-10
0.08083333621422449,1.2893022867243527e-10
0.03416666885217032,5.62908489199809e-12
-0.0024999983608722798,5.0356964500313964e-11
0.07083333606521289,2.024244939356997e-10
0.027500002086162573,2.067499972335186e-11
0.04083333561817806,-3.7757345868482623e-10
0.004166668405135465,2.8167057526076354e-11
-0.004166665052374202,-3.3627524802563024e-10
-0.0024999983608722798,-2.7346445458792588e-12
-0.004166665052374202,8.659825754771936e-12
-0.005833331743876152,-4.652777715520038e-11
0.015833335245649033,-4.0289250668628283e-10
0.06416666929920514,1.6095038803587918e-10
0.02250000201165675,1.928691122968518e-10
-0.0024999983608722798,2.6616735181037608e-11
-0.004166665052374202,8.498737260017581e-11
0.0008333350221315927,9.073747922404624e-11
0.02250000201165675,-1.2585784145319138e-11
-0.004166665052374202,2.5307835482256613e-11
0.007500001788139338,1.0153460702025899e-10
0.0008333350221315927,1.583867500174192e-11
0.01083333517114321,-3.036666626033765e-11
0.042500002309679985,-1.7708333096383137e-11
-0.0008333316693703297,2.006106615992583e-11
0.03750000223517419,1.5260416462470466e-10
0.04416666900118192,1.344077194821235e-10
0.1608333374063174,3.584545659951282e-10
0.04583333569268386,8.439700107092209e-11
0.005833335096637415,1.1840695679540833e-10
0.0758333361397187,2.5313618229516823e-10
-0.0008333316693703297,-1.1725558502321128e-11
-0.004166665052374202,-2.1990639802366475e-10
-0.0024999983608722798,-1.903639821271149e-11
0.0525000024586916,7.546449494313281e-11
-0.004166665052374202,4.1575785025938617e-11
-0.0008333316693703297,-1.277083316244957e-10
0.0575000025331974,1.623060241935687e-10
-0.0024999983608722798,-5.827325950476349e-12
-0.0008333316693703297,-3.8800504531324666e-11
0.0241666687031587,-1.1632060416632421e-11
0.06916666937371095,3.287974378446606e-10
0.0008333350221315927,5.0906099797305736e-11
0.030833335469166445,5.0635683083138917e-11
0.07750000283122063,1.6696589846723293e-10
-0.0008333316693703297,3.9756215474249484e-12
0.002500001713633543,-2.090749092185117e-11
0.03583333554367224,1.7477272493413285e-10
-0.0024999983608722798,8.816547631753476e-12
0.1608333374063174,3.245213416680936e-10
0.0575000025331974,1.4593479089097055e-10
-0.004166665052374202,5.133269038570448e-11
0.05416666915019354,1.7326388657047657e-11
-0.0024999983608722798,2.771965774874779e-10
0.04583333569268386,2.4298679542851494e-11
-0.0024999983608722798,-1.9385563608713526e-11
0.03416666885217032,-9.636479462893188e-11
0.027500002086162573,-1.2292222057742877e-10
0.06083333591620127,1.5462262220003523e-10
-0.005833331743876152,2.3211805244963203e-11
0.09416666974623998,2.8909025068396055e-10
0.050833335767189666,2.4516944116388735e-10
0.029166668777664495,7.179797021865799e-11
-0.004166665052374202,3.635612529717397e-11
0.03583333554367224,1.1253228203194835e-10
-0.0024999983608722798,3.054166625799603e-11
0.05416666915019354,6.660984759355685e-11
0.05416666915019354,1.1395833180848226e-10
0.06416666929920514,4.2638888318346493e-11
-0.004166665052374202,5.423611038538933e-11
0.07916666952272257,2.6088111703651597e-10
0.050833335767189666,1.7482954311519121e-10
0.04916666907568773,1.820345135158336e-10
0.0758333361397187,8.49183133646683e-11
-0.0008333316693703297,-7.554347725003408e-12
0.09916666982074579,1.857015281274158e-10
0.047500002384185794,1.6222501647210722e-10
0.0575000025331974,2.688653526223817e-10
0.03916666892667611,-1.173752338343211e-11
0.015833335245649033,1.0120758626694197e-10
0.06083333591620127,1.0627887646569457e-10
-0.0024999983608722798,2.022401406630395e-11
-0.0008333316693703297,5.190705058749427e-11
0.0008333350221315927,2.6283914376983476e-11
0.029166668777664495,9.458333206773543e-11
-0.004166665052374202,3.8111110601154647e-11
-0.0024999983608722798,-3.561499952344384e-11
0.03416666885217032,-6.279858765047821e-11
-0.0024999983608722798,-1.7156753728114986e-11
0.004166668405135465,4.9300577649003974e-11
-0.0008333316693703297,-2.989504122140712e-11
0.07750000283122063,-3.7923191140582896e-11
0.042500002309679985,1.3696666483394618e-10
-0.004166665052374202,nan
0.03416666885217032,1.8290403795664325e-10
0.04416666900118192,1.2006944283782248e-10
0.0241666687031587,5.165085189413018e-11
0.12250000350177288,9.019574823382626e-11
0.030833335469166445,7.14560098205256e-11
0.04416666900118192,3.073735654699749e-11
-0.0024999983608722798,-2.1766993172792907e-11
0.03583333554367224,1.2942906239938457e-10
0.04916666907568773,1.4008333145890968e-10
-0.0024999983608722798,-2.111111082863001e-11
0.10916666996975741,3.6991161121191256e-10
-0.0024999983608722798,6.12393154198877e-11
0.002500001713633543,-2.7607860150680705e-11
-0.0008333316693703297,3.0291060934471926e-11
0.04583333569268386,1.6534722000974838e-10
0.04083333561817806,2.239278762949232e-10
0.01250000186264516,-1.3673610928147618e-10
-0.0008333316693703297,-6.484747311684973e-11
0.04083333561817806,8.921201694686335e-11
0.0241666687031587,3.250631269635368e-11
-0.0024999983608722798,3.1717835832901134e-11
0.12250000350177288,4.733175336146199e-10
-0.004166665052374202,5.992988053573978e-11
0.03916666892667611,1.7687546370336634e-10
0.0008333350221315927,7.799693659553926e-11
0.02250000201165675,1.826812988232937e-10
0.015833335245649033,1.165522860221396e-10
0.0241666687031587,2.2888702154580623e-11
0.042500002309679985,1.536791692245694e-10
0.06916666937371095,1.481944424614874e-10
0.042500002309679985,5.992196129407262e-11
0.050833335767189666,2.3243837069406208e-10
0.0525000024586916,1.4104212620429338e-10
0.0008333350221315927,1.1666029770674497e-10
-0.0024999983608722798,8.37842454542454e-11
-0.0008333316693703297,-2.3868357168545606e-10
0.002500001713633543,-5.266593496780357e-11
-0.0024999983608722798,-1.672196947321679e-10
0.1425000037997961,1.6060605845703333e-11
0.027500002086162573,-1.0468726556415519e-10
0.004166668405135465,-4.6529761282158626e-11
-0.0024999983608722798,-7.974318551578617e-12
-0.0024999983608722798,4.2943226517019545e-11
-0.004166665052374202,-1.055096139728156e-10
0.0008333350221315927,-4.025617746208495e-11
-0.004166665052374202,8.920634801269842e-11
0.03583333554367224,1.5636518562102353e-10
0.042500002309679985,-8.668560490068672e-11
0.10083333651224773,-3.65318622562742e-11
0.014166668554147083,-1.6120914816969515e-10
0.042500002309679985,1.6737536567797447e-10
0.0008333350221315927,-2.8289663704149734e-10
0.10750000327825546,2.0970328002229018e-10
0.0625000026077032,-2.6528185919542365e-10
-0.0024999983608722798,-8.428650329695974e-11
0.08750000298023224,1.5462170845735722e-10
0.01083333517114321,4.175271081803218e-11
0.04916666907568773,9.353754000252022e-11
-0.004166665052374202,1.1829004170723743e-11
0.047500002384185794,2.6519444089593368e-11
0.0525000024586916,2.7465277410270443e-11
0.04916666907568773,9.187158347013963e-11
0.03416666885217032,2.7152454417041e-10
0.06583333599070708,7.398117287496865e-11
0.0758333361397187,7.364583234789486e-11
0.06083333591620127,1.8774305304340851e-10
0.11583333673576514,2.340561098373045e-10
0.0575000025331974,2.536426733737424e-10
0.02250000201165675,5.863888810425424e-12
-0.0008333316693703297,-1.4608817337655323e-12
0.01083333517114321,1.3489583152832284e-10
0.002500001713633543,-2.028320810998685e-10
-0.005833331743876152,8.203372906105566e-11
-0.004166665052374202,7.4251164507628e-11
0.03416666885217032,-1.2886313293355269e-11
0.0241666687031587,9.183590752760279e-11
0.0241666687031587,-1.282305538397322e-10
-0.0024999983608722798,8.261159309749175e-11
-0.0008333316693703297,7.004515925361533e-12
0.029166668777664495,1.5777777566658837e-10
0.005833335096637415,1.368504883649133e-10
0.10250000320374966,1.9151425918235773e-10
0.07416666944821676,2.517140326877953e-10
-0.0008333316693703297,-3.013307944470736e-12
0.03916666892667611,2.397846957881512e-10
0.025833335394660623,7.524376316551619e-11
0.0625000026077032,1.6878471996375214e-10
0.02250000201165675,-2.038813229044743e-10
0.05416666915019354,6.694444354867593e-11
-0.0024999983608722798,9.219741940124826e-11
0.06750000268220901,3.0190016374557695e-10
-0.0024999983608722798,1.3077956814253984e-11
-0.0024999983608722798,-2.1510816838657832e-11
0.004166668405135465,3.88583160038313e-11
-0.0024999983608722798,-2.833835303446542e-11
0.07916666952272257,2.9703657468328146e-11
0.04583333569268386,6.569920003413619e-11
0.029166668777664495,8.1443615540096e-11
0.04083333561817806,1.7418098277814366e-10
0.009166668479641288,1.415029414472744e-10
0.03416666885217032,8.560605946058399e-12
0.029166668777664495,-2.2767896787070496e-10
0.007500001788139338,4.658588373038636e-11
0.005833335096637415,7.753368983162677e-11
0.0008333350221315927,4.370580749599008e-11
-0.0008333316693703297,-1.1430555402605737e-10
0.12416667019327482,3.568244901749065e-10
-0.0024999983608722798,-4.8908482517535404e-11
0.09250000305473804,1.2656834264085065e-10
-0.0008333316693703297,8.128200374330171e-11
0.04083333561817806,2.0436666393208224e-10
0.03916666892667611,6.902777685413287e-11
0.03583333554367224,-5.457511538264041e-10
-0.0008333316693703297,1.2074926739012934e-10
0.047500002384185794,1.305893622877013e-10
0.0008333350221315927,9.607023429819041e-11
0.005833335096637415,5.4525919567598736e-11
0.009166668479641288,4.361111052756082e-11
0.0241666687031587,-5.770169623207778e-11
-0.0024999983608722798,-8.596829025428957e-11
0.04583333569268386,2.518173224308621e-11
-0.0024999983608722798,1.47221673445634e-10
0.03583333554367224,1.4611944248925247e-10
-0.004166665052374202,1.291720068185875e-10
0.0008333350221315927,5.696930446178455e-11
0.029166668777664495,-3.34093446008805e-10
-0.004166665052374202,-1.0736163776916086e-11
0.0625000026077032,3.558584762276333e-10
0.05416666915019354,2.8175525647352405e-11
0.05583333584169546,8.09179532954745e-11
0.06750000268220901,2.1233454227438476e-10
-0.0008333316693703297,4.566831622060621e-11
0.017500001937150955,3.355800608691496e-11
-0.004166665052374202,-8.28777860373616e-12
-0.0024999983608722798,5.891297695722304e-11
0.05416666915019354,1.9687919199647721e-10
-0.0024999983608722798,6.531020232542811e-13
0.025833335394660623,5.3831684778747966e-11
0.059166669224699334,1.7480725389677106e-10
-0.0008333316693703297,-1.0418830518441093e-11
0.005833335096637415,-1.0677083190465636e-10
0.0008333350221315927,7.469696869745576e-12
0.002500001713633543,-3.240001766273456e-11
0.004166668405135465,1.3912669517303267e-10
0.05416666915019354,1.526199474527766e-10
0.0758333361397187,1.4603535158128792e-10
0.03416666885217032,-4.695321088889534e-11
-0.0024999983608722798,9.308330001185101e-11
0.0758333361397187,1.3531552764500462e-10
-0.0024999983608722798,5.02986941060815e-11
0.059166669224699334,2.7968866143278764e-11
-0.0024999983608722798,4.326880183193154e-11
0.03416666885217032,9.409722096312841e-11
0.01083333517114321,1.6449149209082222e-11
0.06083333591620127,1.3054623240679035e-12
-0.0008333316693703297,-2.2841828173323284e-11
-0.0008333316693703297,-1.876310247430227e-12
0.04916666907568773,1.028598471085051e-10
0.09416666974623998,2.424437029205532e-10
0.07083333606521289,1.8385172552208435e-10
0.047500002384185794,4.671717109205967e-12
0.047500002384185794,1.5357696361501058e-10
-0.0024999983608722798,7.085962688355906e-11
-0.0024999983608722798,2.5531735219784362e-11
0.03583333554367224,1.4670138692591106e-10
0.002500001713633543,9.256953235142083e-11
-0.004166665052374202,1.2439483960534228e-10
0.04583333569268386,1.5671666456967662e-10
-0.0024999983608722798,9.56313118516894e-12
0.042500002309679985,2.0872763374190316e-10
0.06750000268220901,1.6936427812154382e-10
0.002500001713633543,-1.24088124005205e-11
-0.004166665052374202,-2.5775440487908383e-12
0.0575000025331974,2.2565230394858243e-10
0.019166668628652878,8.5133812076053e-11
-0.004166665052374202,4.759359839697748e-11
0.0008333350221315927,-3.186701038972086e-11
0.04916666907568773,-3.0479797571955224e-11
0.07916666952272257,2.1951528416189543e-10
0.0008333350221315927,2.1971163247045092e-11
0.05416666915019354,-4.4430646940451435e-12
0.0008333350221315927,4.0111094176650904e-11
0.08416666959722836,-2.9426470194486357e-10
-0.004166665052374202,3.39027773241325e-10
0.03250000216066837,2.2796388583855584e-10
0.0008333350221315927,-5.331572500216777e-11
-0.004166665052374202,9.460122572802759e-11
-0.0024999983608722798,-6.896630144511892e-12
-0.004166665052374202,3.73923606107726e-10
-0.0024999983608722798,2.106930195546751e-10
-0.0008333316693703297,-5.430413397072571e-11
0.004166668405135465,-8.113642474903384e-11
0.059166669224699334,4.836805490835273e-11
-0.0024999983608722798,-1.311822475671652e-11
0.020833335320154828,1.3519818017691568e-10
0.0008333350221315927,1.9384463378925138e-12
-0.0008333316693703297,1.861111086208047e-11
0.03916666892667611,1.80972219800674e-10
0.12583333688477674,2.497856044130814e-10
0.03583333554367224,1.2361110945709945e-10
-0.0008333316693703297,3.212651079637412e-11
-0.0024999983608722798,-4.853642492706513e-11
0.07083333606521289,-8.427848286475645e-11
0.0525000024586916,1.2598060979824852e-10
0.050833335767189666,1.0161867711940707e-10
-0.0008333316693703297,-4.4948137696431413e-10
-0.004166665052374202,5.731837530140791e-12
0.04583333569268386,1.325347204488055e-10
-0.0008333316693703297,6.754829294838006e-11
0.002500001713633543,2.282632888909085e-11
0.047500002384185794,2.1562499711476294e-11
0.0008333350221315927,8.746666549629525e-11
0.050833335767189666,1.8132777535147126e-10
0.04583333569268386,5.2541066111282736e-11
-0.004166665052374202,7.431623832182972e-11
-0.004166665052374202,-4.460509890563639e-11
0.002500001713633543,-4.191561788777436e-11
-0.0024999983608722798,5.259988514092203e-11
-0.0024999983608722798,-5.2958990086897025e-11
0.07916666952272257,2.1649305265871036e-10
-0.004166665052374202,-7.2562973494191384e-12
0.020833335320154828,1.987499973405715e-10
0.06583333599070708,1.7585277542473082e-10
0.025833335394660623,7.196835812457175e-11
0.0525000024586916,9.520833205937236e-11
-0.004166665052374202,-8.079114637481879e-11
-0.0024999983608722798,8.590277662833205e-11
-0.0008333316693703297,6.600090986366886e-11
0.047500002384185794,2.1645833043695307e-10
0.04416666900118192,-2.1033230516471267e-10
0.03416666885217032,1.3441843001111327e-10
0.0008333350221315927,-1.4459556513486166e-11
0.04916666907568773,2.011310479137717e-10
0.09083333636323611,1.7392558295702275e-10
0.05583333584169546,1.4886363437172505e-10
0.004166668405135465,6.455097001004413e-11
-0.0008333316693703297,1.0681388745963678e-10
0.017500001937150955,4.136757370389582e-11
0.06583333599070708,1.015263591857162e-10
0.002500001713633543,4.095238040440631e-11
0.05416666915019354,1.9038610856359755e-10
0.12916667026778061,2.1732638598089446e-10
-0.0024999983608722798,-3.0476414686541755e-11
0.029166668777664495,9.187499877064126e-11
-0.004166665052374202,4.644097160080561e-11
0.07750000283122063,1.0991831303014968e-10
0.03916666892667611,-3.6037687841705166e-10
0.042500002309679985,1.1606691763885445e-10
0.004166668405135465,6.205588133960885e-11
-0.004166665052374202,4.144359679120994e-11
-0.0008333316693703297,1.2943007489647945e-11
0.030833335469166445,9.325838709096429e-11
0.0008333350221315927,3.9038632298830894e-11
0.017500001937150955,-1.788888864952169e-10
0.027500002086162573,4.317499942228493e-11
0.002500001713633543,3.727598516430026e-11
-0.0024999983608722798,4.29142407917046e-11
0.042500002309679985,1.8360609954685115e-10
0.03583333554367224,-1.0682674056688044e-12
0.03416666885217032,-2.162389595789581e-11
-0.0008333316693703297,4.1185948747712856e-11
0.027500002086162573,-4.3906151450119485e-10
0.14583333718279998,3.7351697543763907e-10
0.04583333569268386,1.818181793853141e-10
0.04916666907568773,6.694444354867626e-11
0.004166668405135465,6.040879361363619e-11
-0.0024999983608722798,6.93584786040936e-11
0.02250000201165675,9.342315953870163e-11
0.019166668628652878,1.2447045541364148e-10
-0.0008333316693703297,9.428166093383237e-11
0.0575000025331974,3.406464847650784e-11
0.08083333621422449,2.9800517492018214e-10
0.03916666892667611,1.5258610906939072e-10
0.0008333350221315927,-1.024038447836058e-11
0.04583333569268386,5.714444367980619e-11
0.007500001788139338,3.246005159092959e-11
-0.0024999983608722798,-1.1546052477084222e-11
0.0625000026077032,2.270418500567092e-10
-0.004166665052374202,1.1139078349243564e-11
0.047500002384185794,-1.2823351994138735e-10
0.029166668777664495,-1.366487811518387e-10
-0.0024999983608722798,6.768867833956162e-12
0.0575000025331974,2.7748343999566472e-11
-0.004166665052374202,3.107271200252375e-10
-0.004166665052374202,2.3744889619382096e-10
0.04083333561817806,5.576388814272404e-11
0.07250000275671482,1.6348963920963308e-10
0.03250000216066837,1.4046944256485389e-10
0.005833335096637415,4.140325615097336e-12
-0.0008333316693703297,1.5542734834761176e-10
0.0525000024586916,1.667918998397591e-10
0.03750000223517419,1.7481388654974348e-10
0.002500001713633543,-2.1388888602688487e-11
0.04083333561817806,3.400956238645591e-12
0.04583333569268386,1.7260613853023254e-10
-0.0008333316693703297,2.0447031492969866e-11
0.04916666907568773,4.7777777138473955e-11
0.03250000216066837,3.6374716066566114e-11
0.03750000223517419,2.137222193624533e-10
0.0575000025331974,4.213270523172741e-11
-0.004166665052374202,3.168468999164019e-11
0.002500001713633543,-5.7842513350316276e-11
0.042500002309679985,2.4951388555019995e-10
0.042500002309679985,1.6712017916969505e-11
-0.0024999983608722798,-6.532457235142177e-12
0.01250000186264516,3.289879051142685e-11
0.005833335096637415,-1.3085062221543597e-11
0.0008333350221315927,3.176782962044529e-11
0.0625000026077032,1.2850694272492236e-10
-0.0008333316693703297,7.977796148486245e-12
-0.0024999983608722798,2.021217583846071e-11
-0.0008333316693703297,2.2935971915321259e-10
0.05416666915019354,1.6056817966965516e-10
0.042500002309679985,1.057575743424575e-10
0.0008333350221315927,6.979166573280021e-11
0.12916667026778061,4.299085077097569e-11
0.04083333561817806,1.3692374724806157e-10
-0.004166665052374202,-2.1333333047876788e-11
0.03916666892667611,2.712418264358729e-12
-0.0024999983608722798,3.2327290949106202e-12
-0.0008333316693703297,-3.573973382129105e-11
-0.0024999983608722798,1.0516795724910306e-11
0.04583333569268386,-1.0783242114372686e-12
0.0008333350221315927,3.840416924608228e-11
0.0625000026077032,1.5567253706686874e-10
0.042500002309679985,4.726230361815265e-11
0.0008333350221315927,9.640261805944625e-11
-0.0008333316693703297,1.4008748329752493e-11
0.0008333350221315927,6.547478691054332e-11
-0.0008333316693703297,3.002381796004897e-11
0.059166669224699334,1.1667681645280118e-10
-0.0024999983608722798,6.580612741270488e-11
0.004166668405135465,1.2498263721652508e-10
0.005833335096637415,8.047682601763245e-11
0.0008333350221315927,-1.058888874720155e-11
0.029166668777664495,1.7191666436628834e-10
-0.0008333316693703297,6.961206803406009e-12
0.06416666929920514,1.44870896644662e-10
0.03916666892667611,-3.010416626385126e-11
0.0241666687031587,2.0931372268941403e-11
0.002500001713633543,3.580529493077152e-11
0.05583333584169546,3.423057355451981e-11
0.030833335469166445,-2.701388852742239e-11
0.13083333695928256,4.353253111026767e-10
-0.004166665052374202,1.6017792730283142e-11
-0.004166665052374202,-4.609722160540593e-10
-0.0008333316693703297,8.702991336538721e-11
0.06583333599070708,-1.175883822649607e-10
0.03583333554367224,-1.1076388740678683e-11
0.07416666944821676,-9.517291999215027e-11
-0.0024999983608722798,4.305716996649711e-11
0.030833335469166445,7.638888786674658e-11
-0.004166665052374202,-5.089578269227796e-11
0.04083333561817806,6.907306670859908e-11
0.030833335469166445,8.878472103421393e-11
0.0241666687031587,7.026577979068666e-11
0.03916666892667611,-8.755681701024111e-11
0.03750000223517419,-1.2563879522834856e-10
0.09083333636323611,2.0276811722793963e-10
0.007500001788139338,9.364012585049558e-11
0.0758333361397187,1.4795138690918412e-10
0.06583333599070708,1.3422348305247102e-10
-0.0024999983608722798,1.375557364634914e-10
-0.0008333316693703297,1.7547772480965327e-11
-0.0024999983608722798,5.782927886469035e-11
-0.0024999983608722798,2.0069444175900455e-11
-0.0024999983608722798,-1.8313888643834855e-11
-0.004166665052374202,1.4535818518950112e-11
0.07416666944821676,2.5984848137150576e-11
0.025833335394660623,1.1872474588611816e-10
0.04583333569268386,1.7966223458379824e-10
0.027500002086162573,1.1516432739190613e-10
-0.0024999983608722798,6.388888803400116e-12
0.004166668405135465,1.4963629950136274e-11
0.0008333350221315927,1.3854166481286505e-11
-0.0024999983608722798,2.936986101175339e-11
0.0008333350221315927,-6.372916581392068e-10
-0.004166665052374202,1.2996388714987224e-10
-0.0024999983608722798,2.61553853851009e-11
-0.0008333316693703297,5.3632391755475896e-11
0.0008333350221315927,-1.186284706348817e-10
-0.0008333316693703297,9.12248983777346e-11
-0.004166665052374202,-3.435416620698134e-11
0.03916666892667611,7.000425076396941e-11
0.03750000223517419,9.87416653454263e-11
0.042500002309679985,1.6850378562407742e-10
0.002500001713633543,4.038964592420194e-11
0.042500002309679985,2.56066810896256e-10
0.0758333361397187,2.3128308788213573e-10
0.06750000268220901,1.0378742798977455e-10
0.2525000054389238,5.834503823825035e-10
-0.0008333316693703297,-4.758278384921609e-12
0.03416666885217032,2.1854874991011597e-10
0.0008333350221315927,1.5985642732416853e-10
0.0008333350221315927,1.5662985064848205e-10
-0.0008333316693703297,3.0740078953753245e-11
0.042500002309679985,2.357056269728473e-10
-0.004166665052374202,5.4648965344607873e-11
0.042500002309679985,1.0630202384701325e-10
-0.004166665052374202,9.627485251293879e-11
-0.004166665052374202,4.283374530143934e-11
-0.005833331743876152,-7.779592302379091e-12
-0.004166665052374202,1.0965277631053837e-10
0.09583333643774192,1.0712499856658412e-10
0.04583333569268386,2.577232441278991e-10
-0.0008333316693703297,1.919859067221371e-12
-0.0008333316693703297,-4.326779349874608e-12
0.020833335320154828,9.793860708617629e-11
0.019166668628652878,-9.08058293680072e-11
0.09583333643774192,3.727600079320808e-10
0.004166668405135465,4.192361055014102e-10
0.059166669224699334,2.0176767406786945e-10
0.0008333350221315927,-1.7695564279348611e-10
0.02250000201165675,2.687719140854263e-10
0.03250000216066837,4.781249936023142e-11
0.0758333361397187,1.8300277532905883e-10
0.05416666915019354,2.464650654497802e-11
0.004166668405135465,2.5656500229434334e-11
0.020833335320154828,1.6090415531570146e-11
0.004166668405135465,5.432466797849669e-11
-0.0024999983608722798,-5.7247330718269444e-11
0.0858333362887303,2.123042900884977e-10
-0.004166665052374202,7.231490186295816e-11
0.0575000025331974,1.3885629065900214e-10
0.0008333350221315927,6.498305602364657e-11
0.0008333350221315927,3.2699652340231794e-11
0.1041666698952516,1.1800554449607945e-10
0.059166669224699334,1.1229797829534517e-10
0.059166669224699334,1.7292586229244613e-10
0.015833335245649033,-6.781238296478559e-11
0.11750000342726707,7.346103555692928e-11
0.0008333350221315927,2.2938218083873755e-11
-0.0008333316693703297,1.6103011480435765e-10
0.06083333591620127,-2.891447329731256e-10
0.06083333591620127,1.7059643027024167e-10
-0.004166665052374202,4.2139992462633823e-11
0.07416666944821676,1.706944421604207e-10
0.0575000025331974,8.797026355070401e-11
-0.0008333316693703297,1.0940165667218439e-10
-0.004166665052374202,1.0397420495795186e-10
0.025833335394660623,1.0017524101602813e-10
-0.0024999983608722798,-1.1199820638668673e-11
-0.0024999983608722798,9.198831815545752e-11
0.08416666959722836,1.3735878671647444e-10
-0.004166665052374202,1.8243341680288644e-10
0.030833335469166445,2.020333306299708e-10
0.06583333599070708,9.252525128719324e-11
0.0008333350221315927,-3.2278974663867853e-10
-0.0008333316693703297,-1.205826542130671e-10
0.03250000216066837,1.4316388697324652e-10
0.07250000275671482,1.3560277596330782e-10
0.0008333350221315927,-9.004140666267211e-11
0.1141666700442632,3.63244142296703e-10
0.0525000024586916,1.8259545463588361e-10
-0.0008333316693703297,6.636777213122777e-12
-0.0008333316693703297,2.000728293011913e-10
0.14416667049129805,2.791904202408233e-10
-0.004166665052374202,6.839896123374138e-12
-0.0024999983608722798,-1.6116542304521898e-11
0.007500001788139338,3.443641400507127e-11
0.030833335469166445,5.945075678026142e-11
0.029166668777664495,-4.184750130432846e-11
-0.0008333316693703297,5.613541591553113e-11
-0.004166665052374202,3.9618901908892784e-11
0.05583333584169546,1.4756944246985005e-10
0.10750000327825546,2.0364583060839498e-10
-0.0024999983608722798,-2.0534415983949596e-11
0.0008333350221315927,9.41089730997235e-11
0.050833335767189666,9.063359224693173e-11
0.0575000025331974,1.620138867210174e-10
-0.005833331743876152,2.6930555195203964e-10
0.04083333561817806,-2.992340306951911e-12
0.047500002384185794,2.1042929011358617e-10
0.03750000223517419,1.5784109958287963e-10
-0.004166665052374202,6.539547935094657e-11
0.047500002384185794,1.8141452031675428e-10
0.11250000335276127,1.0040175108011043e-10
-0.0024999983608722798,1.3043176153974627e-10
0.002500001713633543,5.181177627739452e-11
-0.0008333316693703297,-1.4019627224249568e-10
0.047500002384185794,3.427842117488154e-11
0.04583333569268386,8.817499882015001e-11
-0.0024999983608722798,8.752282987910146e-12
0.0575000025331974,2.0791035075335166e-10
0.07250000275671482,2.461515787519244e-10
0.042500002309679985,1.6885999028340165e-10
-0.0008333316693703297,2.4734600206125684e-11
0.002500001713633543,1.762116477250712e-10
-0.004166665052374202,3.4979838241620344e-11
0.04416666900118192,1.732359703656159e-10
-0.0024999983608722798,1.5265479015413833e-10
0.014166668554147083,-3.4565677503586906e-11
0.007500001788139338,2.2772569139729413e-11
0.005833335096637415,1.769833309651558e-11
-0.004166665052374202,3.825588954046316e-11
-0.0024999983608722798,1.330848402497401e-11
-0.0008333316693703297,1.2237871510739352e-11
-0.004166665052374202,5.829425609743355e-11
0.10916666996975741,2.941197532388438e-10
-0.0008333316693703297,2.5014367481380297e-11
0.029166668777664495,4.867889582190386e-11
0.004166668405135465,-1.5536210109573836e-10
-0.0008333316693703297,1.5909756906043115e-11
0.09250000305473804,1.3927083146978153e-10
0.0008333350221315927,-2.9417270137774254e-11
0.029166668777664495,2.164236082151957e-10
0.03916666892667611,5.216369309613762e-11
0.027500002086162573,1.6841973018788587e-10
0.0758333361397187,1.4580176572582672e-10
-0.0008333316693703297,1.1102519897258405e-11
0.07250000275671482,6.38303596066956e-11
0.014166668554147083,1.1507936353951341e-10
0.04083333561817806,1.3414451647746797e-10
0.059166669224699334,9.142337685274582e-11
0.047500002384185794,2.973104753974572e-11
0.0008333350221315927,-1.0881557473022996e-10
0.0008333350221315927,-1.748585703321497e-11
0.002500001713633543,1.3167292384612637e-10
0.015833335245649033,-9.791621732779767e-11
-0.004166665052374202,4.687705191790477e-11
0.042500002309679985,8.175388589886497e-11
0.004166668405135465,5.888770606782878e-11
-0.0024999983608722798,8.309126872944426e-11
0.002500001713633543,-2.5981460603321137e-11
-0.0008333316693703297,4.596852494468605e-11
-0.0008333316693703297,1.0401954951793389e-10
0.029166668777664495,-9.962121078821021e-12
0.04083333561817806,3.5997410064466123e-11
0.050833335767189666,1.1840881484072015e-10
0.1141666700442632,3.30297050578512e-10
0.0008333350221315927,-6.226340912855417e-11
0.004166668405135465,9.55368761162786e-11
0.029166668777664495,7.397810635474799e-11
0.04416666900118192,1.774636441578373e-10
-0.0008333316693703297,-1.7473241356409032e-11
0.030833335469166445,1.64101471727098e-10
0.04083333561817806,1.2101715524344184e-10
0.12583333688477674,2.363914235626287e-10
0.059166669224699334,3.506680744038359e-10
0.014166668554147083,1.2106326482378177e-10
0.0008333350221315927,-7.607913567263871e-12
0.0008333350221315927,-1.8947409234609657e-11
0.0241666687031587,-5.142617380852547e-12
0.027500002086162573,-1.0160984712523129e-10
0.030833335469166445,-3.444584219382357e-11
0.027500002086162573,1.0548610969962479e-10
0.042500002309679985,2.260805525304225e-10
0.059166669224699334,1.8492141565426364e-10
0.04416666900118192,8.847015833215239e-11
-0.0024999983608722798,1.3475961358142733e-10
-0.0024999983608722798,6.6313989804928295e-12
0.03583333554367224,1.1351641262247706e-10
-0.004166665052374202,1.064078268590094e-10
0.025833335394660623,1.1194444294654073e-10
0.03416666885217032,1.7381685266477972e-10
0.0008333350221315927,8.556944329945986e-11
0.05583333584169546,1.202817245146545e-10
-0.0024999983608722798,6.41862736509423e-10
0.03416666885217032,6.24305547201857e-11
0.05416666915019354,1.236539879054435e-10
0.047500002384185794,5.773225489453582e-11
0.09583333643774192,3.209122326937636e-10
0.0575000025331974,1.9139519945918645e-10
0.025833335394660623,1.8383166974395113e-11
0.07250000275671482,1.6399748102706348e-10
0.03416666885217032,1.018833598407356e-10
-0.004166665052374202,4.297921910259741e-11
0.059166669224699334,1.0830555410634569e-11
0.13916667041679223,2.9416666273048974e-10
0.03583333554367224,7.950630344884796e-11
0.047500002384185794,1.8385253296123785e-10
-0.0008333316693703297,-2.0560897160776445e-11
0.03583333554367224,1.3017676593490178e-10
0.014166668554147083,1.502143902345976e-12
0.030833335469166445,3.7229097411636705e-11
0.03750000223517419,5.3623067715152025e-11
0.05583333584169546,2.205219955578215e-10
0.0008333350221315927,4.421874940831905e-10
-0.0024999983608722798,3.22890555411463e-13
0.07416666944821676,2.1182067923388215e-10
0.06583333599070708,9.898256765391045e-11
0.004166668405135465,-2.1464218168535973e-11
0.0575000025331974,-3.150121136074173e-11
0.004166668405135465,-4.8177082688691646e-12
0.08083333621422449,1.6221139142647298e-10
-0.004166665052374202,-8.869565098709516e-11
0.09916666982074579,1.4423428169576448e-10
0.04583333569268386,-4.4825580795547536e-11
-0.0024999983608722798,3.034722181615331e-11
-0.004166665052374202,-2.3362511358725674e-11
0.027500002086162573,6.361111025994522e-11
0.08916666967173417,1.790021415272582e-10
0.0758333361397187,2.996957410660186e-10
0.03583333554367224,3.8853457529997436e-11
-0.0008333316693703297,3.935942005143646e-11
0.050833335767189666,6.610145238997826e-11
-0.004166665052374202,1.9437454152749628e-11
-0.0008333316693703297,5.3509614668615286e-11
-0.004166665052374202,9.873015740907325e-11
0.06083333591620127,-4.195512764373752e-11
-0.004166665052374202,7.321428473462174e-11
0.014166668554147083,-4.0045138353054e-10
0.025833335394660623,1.2527527154776332e-10
0.0525000024586916,6.064081326998721e-11
0.04916666907568773,6.721072389831448e-11
0.0008333350221315927,5.150895178734374e-11
0.004166668405135465,3.0724306553050265e-11
-0.004166665052374202,5.804706375506642e-11
-0.0024999983608722798,1.4674478970310747e-10
0.06416666929920514,1.9033416971268879e-10
-0.0008333316693703297,1.4615906427664832e-11
0.06083333591620127,1.3474115981322085e-10
0.03250000216066837,-3.5243173589852984e-11
0.06583333599070708,2.1120618658478513e-10
0.01250000186264516,-4.002705574146383e-11
0.04083333561817806,-1.4998601589016502e-11
-0.004166665052374202,1.2341763777788812e-10
-0.004166665052374202,2.5739795573948927e-11
0.08083333621422449,3.002083293163137e-10
-0.0024999983608722798,2.473535147869084e-11
0.08416666959722836,1.705022808235702e-10
-0.004166665052374202,-1.6354166447835355e-10
0.030833335469166445,1.5946969483587537e-11
0.0575000025331974,-9.843749868283057e-11
-0.004166665052374202,9.513180144815319e-11
-0.0008333316693703297,1.275480035132935e-10
0.03583333554367224,9.944017690225403e-11
-0.0024999983608722798,8.052709364015416e-11
0.0575000025331974,1.45436109165063e-10
0.07750000283122063,1.2492216462225556e-10
-0.004166665052374202,1.7931547379109788e-10
0.0008333350221315927,4.712775302754454e-12
0.0008333350221315927,9.315361405224852e-11
0.07083333606521289,2.443833300632956e-10
0.020833335320154828,8.784722104675862e-11
0.06583333599070708,4.4260485058973654e-11
0.004166668405135465,1.8989795664269165e-10
0.027500002086162573,-1.1545342982769355e-10
-0.0024999983608722798,1.9126190220267294e-10
-0.0008333316693703297,8.568203635005889e-12
0.03250000216066837,4.057140139597492e-11
0.050833335767189666,1.8798657466580175e-10
-0.0024999983608722798,1.8359914027321182e-11
0.03916666892667611,9.363575908079373e-11
0.05416666915019354,5.3582250365278814e-11
0.017500001937150955,8.740677849144623e-11
0.019166668628652878,-1.329209909354401e-10
0.004166668405135465,6.408854080911259e-11
-0.0024999983608722798,2.1856348913894358e-10
-0.0024999983608722798,-1.0288179010643493e-12
0.03916666892667611,-2.748355226382788e-11
0.027500002086162573,1.3297618869686623e-10
0.0008333350221315927,2.4139185654420163e-11
0.06916666937371095,2.470649684454921e-10
0.07416666944821676,1.0294191781447636e-10
0.04083333561817806,3.00902773751466e-10
0.06916666937371095,9.287878663599811e-11
0.03916666892667611,-1.3651223922797473e-10
0.03916666892667611,1.34397220423883e-10
0.047500002384185794,3.7897091215501844e-11
0.04083333561817806,-1.673855388387909e-10
0.015833335245649033,-1.99973897398766e-10
-0.0008333316693703297,-5.1472788426900054e-11
0.004166668405135465,-1.3328372837529038e-10
-0.0008333316693703297,4.228632422050152e-11
0.002500001713633543,6.323934752473653e-11
-0.0024999983608722798,6.363482299675129e-12
0.1475000038743019,3.546005131459439e-10
0.027500002086162573,7.547539048896195e-11
-0.004166665052374202,3.3500204932713694e-12
0.0008333350221315927,-1.9629922381499936e-11
0.07916666952272257,1.5880833120835505e-10
0.025833335394660623,1.8269062022510817e-10
0.0008333350221315927,1.054712629565287e-10
-0.005833331743876152,1.1797680254509033e-10
0.017500001937150955,1.888175776375312e-10
-0.004166665052374202,6.024159329164757e-11
0.09583333643774192,2.7496074511308294e-10
0.04083333561817806,-4.2270407597655113e-11
-0.0024999983608722798,6.190972139382212e-11
-0.0024999983608722798,-1.558662706663596e-11
0.042500002309679985,7.523202240470861e-11
-0.004166665052374202,-1.991319417799054e-11
0.09083333636323611,2.1813618276349573e-10
0.03916666892667611,-3.9207221697599383e-10
0.10083333651224773,2.3035555247322079e-10
0.0525000024586916,1.9636652279619322e-10
0.030833335469166445,7.924724960324361e-11
0.0575000025331974,1.2899502800267197e-10
0.03916666892667611,1.2402127295960022e-10
-0.005833331743876152,-1.5805555344065095e-11
0.002500001713633543,1.7249999769187822e-12
0.03916666892667611,1.4859848286012246e-10
0.0758333361397187,9.734848354588684e-11
0.05416666915019354,1.8554543066226826e-10
0.12416667019327482,3.0732696155771687e-10
0.12250000350177288,3.654110689360196e-10
0.002500001713633543,-1.0705988312734104e-10
0.047500002384185794,7.295068880760708e-11
-0.0024999983608722798,2.207443624080719e-11
0.09416666974623998,1.743499976670629e-10
-0.0024999983608722798,1.3516239135381551e-10
0.019166668628652878,-1.5853757957799148e-10
0.009166668479641288,-8.017543752368154e-11
0.04083333561817806,-2.357883955377802e-10
0.07416666944821676,1.0161564489880702e-10
-0.004166665052374202,1.9113455732702844e-11
0.09583333643774192,1.8174242181056967e-10
0.005833335096637415,3.862187553859665e-11
0.06083333591620127,9.95544541134283e-11
0.0525000024586916,1.4046666478711324e-10
-0.0024999983608722798,4.4054486590004334e-11
0.030833335469166445,8.167943963541902e-11
-0.0008333316693703297,-2.365972190563696e-10
0.03416666885217032,1.1753914831537743e-10
0.0241666687031587,2.2670138585544917e-10
-0.005833331743876152,-6.249999916370093e-11
0.04083333561817806,6.482638802146083e-11
-0.0008333316693703297,6.558377415188565e-11
0.06083333591620127,8.557382926431246e-11
0.07916666952272257,-4.077134546488831e-11
-0.0008333316693703297,1.5341944239157425e-10
0.0525000024586916,1.9399376157654953e-10
0.0758333361397187,2.8688103480865297e-10
0.04916666907568773,2.841539510000604e-10
0.0008333350221315927,-5.066447300628048e-11
-0.004166665052374202,1.9050671295758956e-11
0.03250000216066837,1.7077244824765683e-10
0.0008333350221315927,1.1050033319344026e-11
0.004166668405135465,-1.5930934443572928e-10
0.06416666929920514,3.197700051374262e-10
0.04583333569268386,1.188971264693279e-10
-0.0024999983608722798,4.403667296447471e-11
0.04583333569268386,2.745828651478693e-10
0.14416667049129805,3.544400561654013e-10
0.05416666915019354,2.0078525372359522e-10
0.04583333569268386,1.7343333101266075e-10
0.004166668405135465,-3.8912499479320546e-11
0.09083333636323611,2.1418859362521872e-10
0.029166668777664495,4.979166600041506e-11
-0.005833331743876152,4.181944388486815e-10
0.027500002086162573,-1.9143503182136938e-10
-0.004166665052374202,2.2697368117344316e-11
0.019166668628652878,-2.3288239226625027e-10
0.10916666996975741,2.2588610808857973e-10
0.0625000026077032,2.6952212445384875e-10
0.047500002384185794,6.417961307719743e-11
0.23416667183240253,3.658459547006572e-10
0.047500002384185794,1.0053030168512891e-10
-0.0024999983608722798,-1.5341488071978353e-12
-0.004166665052374202,8.936369389468423e-11
-0.004166665052374202,-6.883195215006982e-12
0.0625000026077032,6.595365698327544e-11
0.020833335320154828,4.839262578288544e-11
0.04083333561817806,7.746436299855412e-11
-0.004166665052374202,-1.8802579113486366e-10
0.0625000026077032,1.0890613202522697e-10
-0.0008333316693703297,9.401267990145822e-11
0.009166668479641288,3.520833286221929e-11
-0.0024999983608722798,-4.4883315317225663e-11
0.05416666915019354,1.234646361939848e-10
0.12416667019327482,2.6770832975118894e-10
0.10083333651224773,3.395544324438217e-10
0.03916666892667611,1.2224340702718942e-10
0.0008333350221315927,2.8421473978672678e-11
0.002500001713633543,-1.7114913408524683e-11
-0.004166665052374202,6.338655936474698e-11
-0.0024999983608722798,6.907990827848862e-11
0.07916666952272257,1.3534722041117083e-10
0.04416666900118192,7.337108402942299e-11
-0.004166665052374202,-3.603291014587119e-10
-0.004166665052374202,3.748443436433059e-11
-0.0024999983608722798,5.7444443675795e-12
-0.004166665052374202,6.125527153514135e-11
-0.0008333316693703297,-3.7257432991294525e-11
0.03583333554367224,8.508901824995924e-11
0.03416666885217032,2.2952117020000238e-11
0.09916666982074579,2.054513861397905e-10
0.04583333569268386,1.6664988591327294e-10
0.029166668777664495,1.2834482904055693e-10
0.04083333561817806,2.0285714014275758e-10
-0.0024999983608722798,1.4906002960103841e-10
-0.004166665052374202,4.848099350333391e-11
0.009166668479641288,-1.1252879253221928e-10
0.029166668777664495,3.699494899992808e-11
0.07916666952272257,1.822979773586921e-10
-0.004166665052374202,1.3324473001785038e-10
0.03750000223517419,7.856229267814933e-11
-0.004166665052374202,2.5148706560042754e-10
0.06916666937371095,2.6715875286377233e-11
0.0008333350221315927,1.89097219691956e-10
-0.0008333316693703297,-3.356032293402137e-11
0.05416666915019354,1.7474805967723894e-10
0.005833335096637415,1.459722202690009e-10
0.047500002384185794,1.5796944233069166e-10
0.0625000026077032,1.7845921351694567e-10
0.1041666698952516,1.8891439656515022e-10
0.009166668479641288,3.145932144540091e-11
0.0008333350221315927,1.4201917463661063e-12
0.08250000290572643,1.2225579306610992e-10
0.0008333350221315927,5.3565871877413976e-11
0.0625000026077032,3.8666893835976616e-11
-0.004166665052374202,5.045258553180156e-11
0.042500002309679985,2.1379721936145076e-10
0.002500001713633543,-1.9150237838993144e-10
0.03250000216066837,1.0570739029930054e-10
0.12416667019327482,1.578819423318613e-10
-0.004166665052374202,4.066860410698535e-11
0.0008333350221315927,7.848002391866568e-12
0.0525000024586916,9.749999869537352e-11
0.042500002309679985,4.602680168810153e-11
0.09583333643774192,7.825113273978757e-11
0.03916666892667611,-1.4562085897863335e-10
-0.004166665052374202,2.1229948855207185e-11
-0.0024999983608722798,-9.291666542336941e-11
0.059166669224699334,1.6431534082892382e-10
0.015833335245649033,7.451618737671975e-11
0.050833335767189666,-6.746723793075395e-12
0.0575000025331974,1.8469999752857173e-10
-0.004166665052374202,1.9166877487537956e-11
-0.0024999983608722798,2.371236527410759e-11
0.04083333561817806,3.268102592805003e-11
-0.004166665052374202,-4.300964129777662e-12
0.03750000223517419,-1.9516723094860335e-11
-0.004166665052374202,7.813307388991731e-12
-0.0024999983608722798,5.118055487072045e-11
0.019166668628652878,1.5136904559361236e-10
-0.0024999983608722798,5.6316222529755883e-11
-0.0008333316693703297,3.848790271080812e-11
-0.0024999983608722798,3.5940656084743456e-11
0.03416666885217032,9.165913248351126e-11
-0.004166665052374202,2.4556364288460803e-11
-0.0008333316693703297,-1.6429211249698312e-11
0.0008333350221315927,-7.801767572374089e-11
-0.004166665052374202,-1.6808080583174696e-11
-0.0024999983608722798,1.452921756850061e-11
-0.004166665052374202,8.270833222663229e-11
-0.0008333316693703297,3.3680555104883766e-11
-0.0024999983608722798,-4.3923484260754517e-10
0.03750000223517419,2.5967281531732284e-10
-0.0024999983608722798,-3.83872813963572e-11
0.03583333554367224,4.630150784255448e-11
0.042500002309679985,2.2982638581363483e-10
-0.004166665052374202,1.3900584609321138e-10
0.002500001713633543,3.1997964893852495e-11
0.06083333591620127,3.324558036322935e-10
-0.0008333316693703297,2.050560785741036e-11
0.0575000025331974,2.7050504688548426e-10
0.0008333350221315927,-2.2277777479684166e-11
-0.0024999983608722798,-2.2131944148302253e-10
0.03750000223517419,-3.62080000479905e-10
-0.004166665052374202,1.1698937751955915e-10
0.027500002086162573,5.978535273537226e-12
0.04916666907568773,1.7480638103108047e-10
0.0008333350221315927,-1.9504400179060024e-10
0.03916666892667611,1.9460884093339726e-10
-0.0008333316693703297,1.7342795860735497e-11
0.06583333599070708,1.7123724260667173e-10
0.07416666944821676,6.801407440684641e-11
-0.004166665052374202,1.522242828916154e-11
0.0008333350221315927,-6.131185725616101e-12
0.02250000201165675,1.6944375003983678e-10
0.0241666687031587,8.523721008058182e-11
-0.004166665052374202,2.214343404713823e-11
-0.0024999983608722798,8.062499892117576e-11
0.005833335096637415,1.3193749823457465e-09
-0.0024999983608722798,1.8303362328186376e-11
0.05416666915019354,3.016035313178472e-10
-0.004166665052374202,1.3995122798315522e-10
-0.004166665052374202,-8.782679621033577e-13
-0.004166665052374202,-4.3316507007273204e-11
0.02250000201165675,1.9041666411874396e-10
-0.0024999983608722798,-1.9049261897883987e-10
0.029166668777664495,1.1176174347098452e-10
-0.0024999983608722798,4.9288193784930446e-11
-0.004166665052374202,1.428472203108152e-10
-0.004166665052374202,-2.0109374730921112e-10
-0.0024999983608722798,4.2305076062278423e-11
0.04083333561817806,5.650408694367184e-11
-0.004166665052374202,-2.457013282091057e-11
0.03583333554367224,9.320326891265972e-11
-0.0008333316693703297,1.3747328875879473e-11
-0.0024999983608722798,2.6163734751792487e-11
-0.005833331743876152,3.799999949153064e-10
-0.0024999983608722798,1.1649728841407291e-11
-0.004166665052374202,1.8475381732337618e-11
0.042500002309679985,1.2127871777456013e-10
-0.0024999983608722798,8.81400954389741e-12
0.06083333591620127,2.3543610796079466e-10
0.042500002309679985,3.884219705326037e-11
0.0008333350221315927,1.1489857302397168e-10
0.03916666892667611,3.140846341269077e-11
0.059166669224699334,1.5275124380324657e-10
-0.0008333316693703297,1.0770085325974165e-11
-0.0024999983608722798,1.593342231483113e-10
0.04916666907568773,-3.3193756431529334e-11
0.0625000026077032,2.2969065349221738e-10
0.06583333599070708,1.5750570565500835e-10
0.03583333554367224,7.270600200998514e-11
0.06916666937371095,7.242092862391015e-11
0.0008333350221315927,4.917750502310468e-11
-0.0008333316693703297,5.926883589074615e-11
0.13916667041679223,2.871852897284022e-10
0.05416666915019354,2.536366558406308e-10
0.01083333517114321,1.7243536622954465e-11
-0.004166665052374202,2.385504604609347e-11
0.050833335767189666,1.1099613538013065e-11
-0.0008333316693703297,6.824786233464923e-12
0.07416666944821676,1.7680555318976086e-10
0.042500002309679985,1.6202019985224643e-10
0.05416666915019354,8.169397254152308e-11
0.03583333554367224,-2.552499965845602e-11
0.014166668554147083,2.006944417589914e-11
0.07916666952272257,2.0296233250077974e-10
0.0008333350221315927,-9.817225461267748e-12
-0.0008333316693703297,4.748574497863884e-11
0.0008333350221315927,1.0157713362704524e-10
-0.0008333316693703297,-1.3816468069093125e-10
0.002500001713633543,-6.312499915533949e-11
-0.0024999983608722798,-7.030072369700258e-11
