0.05833332786957422,2.172429048945386e-11
0.05833332786957422,5.336938462866607e-10
0.07166666140158971,7.39322906773956e-10
0.0566666611780723,-1.030465936032487e-12
0.07499999478459358,8.311878543751417e-10
0.0666666613270839,6.311051925009525e-10
0.05999999456107616,7.123350599128522e-10
0.09666666177411874,8.583798567845478e-10
0.05999999456107616,5.370936689362039e-10
0.12166666214664777,1.343794426463439e-09
0.054999994486570364,-1.4401881527721844e-11
0.10499999523162842,1.0166305419522552e-09
0.07333332809309165,6.54092780845843e-10
0.06333332794408003,5.847517652252159e-10
0.054999994486570364,1.1332742165143823e-11
0.054999994486570364,-1.7596325929422166e-11
0.0566666611780723,-1.7612006932796806e-11
0.054999994486570364,1.9578900447238863e-11
0.07499999478459358,7.136578851875493e-10
0.0566666611780723,-3.171146910972652e-11
0.054999994486570364,1.6325354391483145e-11
0.054999994486570364,-1.470206073517491e-11
0.054999994486570364,-4.630376282128033e-12
0.05999999456107616,1.3560874523036538e-11
0.061666661252578095,-1.8570788281977317e-12
0.05833332786957422,-5.1321683901090104e-11
0.07499999478459358,5.104005779657684e-10
0.054999994486570364,1.8884408349462096e-12
0.0566666611780723,2.9534574072889454e-11
0.05833332786957422,1.086021490844533e-11
0.0666666613270839,3.6788711091663054e-10
0.054999994486570364,1.4090501603572776e-11
0.07666666147609552,6.468903422213014e-10
0.054999994486570364,1.3507683034386448e-11
0.0566666611780723,-2.4348117953773575e-11
0.05999999456107616,4.337174882863597e-11
0.05833332786957422,4.845892370146397e-11
0.054999994486570364,3.364952673650444e-11
0.054999994486570364,1.3440860035204568e-11
0.0566666611780723,1.1684587657271054e-11
0.054999994486570364,1.2896505203778836e-11
0.054999994486570364,2.1874999707295438e-11
0.0566666611780723,-2.988575228827775e-11
0.0566666611780723,5.015809625555985e-11
0.054999994486570364,2.9834514967221395e-11
0.0566666611780723,2.6736110753361244e-11
0.05833332786957422,1.017730482835881e-11
0.05999999456107616,3.160608704753521e-11
0.05833332786957422,2.491577980845127e-11
0.054999994486570364,-6.2320787696568086e-12
0.054999994486570364,4.346326106717331e-11
0.0566666611780723,8.942652210089345e-12
0.0566666611780723,4.641576998823806e-12
0.054999994486570364,5.4009855908128885e-12
0.054999994486570364,2.0314716040230043e-11
0.05833332786957422,8.308215018853033e-12
0.0566666611780723,8.579748989135894e-13
0.05999999456107616,1.381501163547537e-11
0.0566666611780723,-7.139336822033212e-12
0.054999994486570364,1.5851254268184387e-11
0.0566666611780723,1.2847222050316205e-11
0.054999994486570364,5.365248155159161e-11
0.054999994486570364,-1.9281914635611735e-12
0.061666661252578095,5.349586216834483e-11
0.054999994486570364,1.2829300903602693e-11
0.054999994486570364,8.32437264846982e-12
0.054999994486570364,7.726254376903319e-12
0.054999994486570364,2.527629989818982e-11
0.0949999950826168,6.268576305010503e-10
0.06333332794408003,6.804417757651408e-10
0.08333332824210327,7.451367311520621e-10
0.1566666626681884,1.548048659153902e-09
0.0566666611780723,1.5104614493229106e-10
0.054999994486570364,7.072132521856441e-12
0.06499999463558197,6.502423080841264e-10
0.10333332854012647,9.358813977335955e-10
0.061666661252578095,8.411037899149734e-10
0.09666666177411874,1.0339483988633858e-09
0.0566666611780723,6.030465869128496e-11
0.05833332786957422,6.924512318692205e-10
0.0799999948590994,7.643333231059641e-10
0.054999994486570364,-2.065188144409201e-11
0.06333332794408003,6.540460438799385e-10
0.054999994486570364,-1.4339157514224331e-11
0.07333332809309165,5.810438518743084e-10
0.061666661252578095,8.867759928623832e-11
0.054999994486570364,-5.962813540284666e-11
0.05833332786957422,3.733155978416292e-11
0.054999994486570364,4.748064357271021e-10
0.0566666611780723,-1.3071808335727496e-11
0.0566666611780723,7.126792019333366e-11
0.05999999456107616,6.411436084422808e-10
0.0566666611780723,5.3726358619161125e-11
0.0566666611780723,1.0840053618392453e-11
0.06333332794408003,4.07200053653004e-10
0.10499999523162842,1.1677763870145155e-09
0.0566666611780723,2.0463709403598932e-11
0.05833332786957422,1.2730496283556822e-10
0.0566666611780723,3.0817651917384953e-11
0.054999994486570364,-6.581541130571984e-12
0.0566666611780723,6.398669505024146e-10
0.054999994486570364,9.464605608123164e-12
0.054999994486570364,5.957213181936618e-11
0.0566666611780723,1.590725785166476e-11
0.054999994486570364,-8.94041206675052e-12
0.054999994486570364,-9.637096645241876e-12
0.08166666155060133,7.439670039340366e-10
0.08499999493360519,3.4824910881533584e-10
0.05833332786957422,6.086805474109405e-10
0.09333332839111487,7.599147951009407e-10
0.06499999463558197,7.274261131979196e-10
0.08666666162510714,8.30450303893662e-10
0.061666661252578095,7.708732166354766e-10
0.11166666199763617,1.0257204723861804e-09
0.0566666611780723,-7.800179107097463e-12
0.054999994486570364,-1.3136200541073745e-11
0.054999994486570364,-1.652105712660594e-11
0.05833332786957422,-5.40546587749151e-12
0.054999994486570364,-4.063620017310559e-12
0.054999994486570364,9.668458651990463e-12
0.05999999456107616,4.777482205577131e-11
0.05999999456107616,1.834901409139339e-11
0.054999994486570364,3.646953356218606e-12
0.0566666611780723,2.0688534002131052e-11
0.054999994486570364,5.067523572854535e-11
0.054999994486570364,2.2268025706764546e-11
0.0566666611780723,-1.3931451426489886e-11
0.054999994486570364,-7.578404916516417e-12
0.054999994486570364,-3.4879031791358715e-12
0.09166666169961293,4.272901989608903e-10
0.054999994486570364,4.7784497568491786e-11
0.054999994486570364,4.981563553414522e-10
0.054999994486570364,-2.4099462043122097e-11
0.0566666611780723,4.880600293116732e-11
0.054999994486570364,-3.257168415198122e-12
0.054999994486570364,7.547042909767327e-12
0.054999994486570364,2.2580644859140665e-12
0.05833332786957422,1.839157681483588e-12
0.05833332786957422,6.166666584151891e-11
0.05833332786957422,-4.383960514816325e-12
0.054999994486570364,1.3322132438226758e-11
0.054999994486570364,6.465720953672731e-12
0.0566666611780723,-2.2665484330288396e-11
0.054999994486570364,8.131720321298577e-12
0.05833332786957422,3.4462174479767655e-11
0.0566666611780723,1.823924706777256e-11
0.054999994486570364,-1.663530443690533e-11
0.054999994486570364,3.172266982642217e-11
0.054999994486570364,6.857078761293403e-12
0.0566666611780723,1.1579300920328733e-11
0.10333332854012647,1.0873567105965278e-09
0.10999999530613422,8.193438098982259e-10
0.054999994486570364,8.28427408269839e-11
0.054999994486570364,9.706541088756757e-12
0.0566666611780723,7.351359239694589e-11
0.054999994486570364,-4.6774192922515206e-12
0.07333332809309165,5.245625645731592e-10
0.0666666613270839,5.699327409118722e-10
0.07166666140158971,7.948545215279763e-10
0.06999999471008778,3.179210950367506e-10
0.054999994486570364,5.244175557068892e-12
0.19499999657273293,1.6061451032250936e-09
0.0566666611780723,6.891371066180575e-10
0.10666666192313035,1.1271093599184074e-09
0.08166666155060133,7.489962020990655e-10
0.054999994486570364,4.7058691126590465e-11
0.054999994486570364,4.693637930027048e-10
0.05999999456107616,6.335065704705621e-10
0.07499999478459358,6.229839550087824e-10
0.1283333289126555,1.3252564454133616e-09
0.10499999523162842,9.445054587422602e-10
0.06499999463558197,7.253176616894896e-10
0.12499999552965164,1.4272836347479982e-09
0.054999994486570364,1.5212765753888043e-11
0.054999994486570364,9.859542878824377e-11
0.054999994486570364,-2.4184587490011742e-11
0.05999999456107616,5.372042938870611e-10
0.05999999456107616,1.0448028534032428e-11
0.13499999567866325,1.1694465765626706e-09
0.0566666611780723,7.801142368732979e-10
0.05999999456107616,9.210268789289054e-10
0.054999994486570364,-9.576612775083474e-12
0.0566666611780723,1.0430555415986655e-10
0.1516666625936826,1.2963335994341025e-09
0.089999995008111,1.1343998386220253e-09
0.1466666625191768,1.6892108359829152e-09
0.061666661252578095,9.365643149534277e-10
0.1083333286146323,9.53150239771367e-10
0.07333332809309165,5.664532087946885e-10
0.06333332794408003,4.609337999789196e-11
0.13499999567866325,1.235562698243851e-09
0.0566666611780723,6.029550746743131e-10
0.061666661252578095,5.956683948072752e-10
0.054999994486570364,-4.740143305748964e-12
0.054999994486570364,8.149865482346337e-11
0.06833332801858584,9.41770081961036e-11
0.06999999471008778,6.708325933629239e-10
0.054999994486570364,8.460349349159582e-11
0.08499999493360519,7.848263783873065e-10
0.12666666222115358,1.2944878299009765e-09
0.0949999950826168,9.639499029265232e-10
0.06833332801858584,5.275687063910163e-10
0.05833332786957422,-3.3355734320701264e-12
0.06499999463558197,6.368971545983923e-10
0.054999994486570364,1.5035842092715403e-11
0.08333332824210327,9.592046655276754e-10
0.06833332801858584,7.363020734810439e-10
0.05833332786957422,7.12337460917546e-11
0.054999994486570364,5.865913042076937e-10
0.09833332846562068,7.357445491471523e-10
0.13333332898716133,1.1602484094463448e-09
0.0949999950826168,9.78133667467373e-10
0.061666661252578095,5.087115771173969e-10
0.07833332816759746,6.402054610784599e-10
0.07166666140158971,9.58524840975368e-10
0.07166666140158971,8.569132538399624e-10
0.0666666613270839,7.057092104152227e-10
0.054999994486570364,4.77524635187413e-10
0.06833332801858584,6.35830400848824e-10
0.06333332794408003,6.149246371619051e-10
0.06333332794408003,6.23605192601308e-10
0.061666661252578095,6.758011605479027e-10
0.0566666611780723,5.256057849291642e-10
0.054999994486570364,5.068458713542121e-10
0.0566666611780723,8.792786620696956e-11
0.06333332794408003,3.25907253703626e-10
0.054999994486570364,2.6721997850324367e-10
0.10333332854012647,1.1695804539950143e-09
0.17833332965771356,1.916456203312568e-09
0.11333332868913809,1.031965689139349e-09
0.06333332794408003,7.375572638995292e-10
0.05833332786957422,5.555023566331439e-10
0.05833332786957422,3.0590868384996833e-10
0.05833332786957422,4.471941429523675e-10
0.05833332786957422,2.2284945938369371e-10
0.05833332786957422,1.0000738636867982e-10
0.10166666184862455,8.105468641542577e-10
0.06833332801858584,7.463469372080218e-10
0.07666666147609552,6.377946042604289e-10
0.10333332854012647,4.961893208459844e-10
0.0566666611780723,8.156451503763615e-10
0.12166666214664777,1.0966680838366174e-09
0.08666666162510714,8.50182280290572e-10
0.05833332786957422,3.6079748621167626e-11
0.054999994486570364,2.6317203948930345e-11
0.06999999471008778,7.931323770941332e-10
0.07166666140158971,1.1329061296219875e-09
0.061666661252578095,2.5503841266303967e-10
0.08333332824210327,9.159629029785324e-10
0.05833332786957422,4.2270832767716996e-10
0.07333332809309165,7.470255747995435e-10
0.14499999582767487,1.1886166507620595e-09
0.06499999463558197,7.235818616629461e-10
0.054999994486570364,9.753136070212351e-11
0.0566666611780723,5.813386447035102e-10
0.09999999515712261,1.1887074670873747e-09
0.054999994486570364,-1.729390657863019e-11
0.18166666304071744,1.6842899434492968e-09
0.07333332809309165,8.221249889993339e-10
0.05833332786957422,1.0940011673945149e-10
0.054999994486570364,3.7867383005849804e-11
0.089999995008111,1.1987368260652403e-09
0.054999994486570364,-1.5853494411524186e-11
0.054999994486570364,1.7759856393183605e-11
0.06999999471008778,1.0641184664868976e-09
0.07833332816759746,8.561284607665633e-10
0.054999994486570364,1.445788511120174e-11
0.061666661252578095,5.262320718116553e-11
0.0566666611780723,2.9924644989655924e-11
0.10166666184862455,1.0183896062562028e-09
0.0566666611780723,2.6987454836019656e-10
0.0566666611780723,-9.283153997648275e-12
0.054999994486570364,1.232974893896103e-11
0.0566666611780723,3.529698534330188e-11
0.08499999493360519,9.5054686228095e-10
0.08499999493360519,1.0985395475902563e-09
0.054999994486570364,-3.0421146546348526e-12
0.054999994486570364,-3.689516079664015e-12
0.054999994486570364,-8.61111099588816e-12
0.054999994486570364,2.045922911692055e-11
0.07833332816759746,6.833420047452459e-10
0.06499999463558197,5.392434916024731e-10
0.06833332801858584,7.2847148148056e-10
0.07666666147609552,8.267606098523382e-10
0.05833332786957422,5.193543074714427e-10
0.061666661252578095,5.410534797579233e-10
0.09833332846562068,3.5952570440912705e-10
0.054999994486570364,2.5741487110755903e-11
0.06499999463558197,7.430481579061427e-10
0.0799999948590994,5.859306908997729e-10
0.08166666155060133,7.673777675096716e-10
0.061666661252578095,9.427867257360376e-11
0.1749999962747097,1.6808772450822626e-09
0.06333332794408003,8.867514501228859e-10
0.089999995008111,9.57701234350752e-10
0.09833332846562068,1.132300332071171e-09
0.08333332824210327,4.91133034363934e-10
0.089999995008111,1.2067150511932895e-09
0.07666666147609552,7.821074456751503e-10
0.09166666169961293,1.0068978960343752e-09
0.11499999538064003,1.2498511737522176e-09
0.07499999478459358,4.813428298165718e-10
0.07333332809309165,8.631749884500533e-10
0.054999994486570364,-2.0629480010700258e-11
0.054999994486570364,4.5694443833017437e-11
0.054999994486570364,-1.5537634200696877e-11
0.054999994486570364,1.2750895886730628e-11
0.0566666611780723,1.9399641317475902e-12
0.07499999478459358,9.664322787350574e-10
0.2549999974668026,2.4782833001719924e-09
0.11499999538064003,1.515367141439391e-09
0.0799999948590994,7.461140251041384e-10
0.061666661252578095,6.480777100043437e-10
0.05999999456107616,6.080452046298437e-10
0.061666661252578095,6.508004298882799e-10
0.054999994486570364,1.290546577713539e-11
0.05833332786957422,1.398297472329107e-11
0.054999994486570364,-2.7475358055297732e-11
0.07666666147609552,6.210600021719186e-10
0.054999994486570364,1.5833333121471072e-11
0.0666666613270839,6.099581903280413e-10
0.054999994486570364,-3.6133512061310567e-12
0.08333332824210327,6.461198743953535e-10
0.28499999791383746,2.761138851942722e-09
0.0566666611780723,1.937051945406907e-11
0.0666666613270839,1.0950206709269723e-10
0.15833332935969036,1.4920527578129615e-09
0.09166666169961293,9.72638875874231e-10
0.05999999456107616,6.705230406732745e-10
0.10499999523162842,1.1064618981385581e-09
0.0949999950826168,9.082465156247388e-10
0.054999994486570364,-7.168458685459594e-14
0.0666666613270839,4.94929817938861e-10
0.08333332824210327,7.260503375071086e-10
0.11999999545514584,5.229766011893044e-10
0.054999994486570364,2.300627209359186e-11
0.054999994486570364,1.0707437132711893e-10
0.054999994486570364,5.045803714988924e-12
0.054999994486570364,3.44578848435861e-11
0.054999994486570364,1.9314515870588946e-11
0.05833332786957422,-1.9224290522906128e-11
0.054999994486570364,-7.54480276642844e-12
0.054999994486570364,-1.9825268551928866e-12
0.13499999567866325,1.243707743953879e-09
0.054999994486570364,7.413282997731272e-10
0.054999994486570364,-1.4435483677810044e-11
0.054999994486570364,-8.485662968892742e-12
0.09666666177411874,9.681971283608492e-10
0.07166666140158971,8.318055444253558e-10
0.054999994486570364,1.5900537421647066e-11
0.054999994486570364,6.202956906246658e-12
0.09333332839111487,8.574652663042311e-10
0.07166666140158971,6.440972136037046e-10
0.0566666611780723,-3.20206088905361e-11
0.054999994486570364,6.280241851449359e-11
0.06499999463558197,5.7963503952536e-10
0.061666661252578095,8.00420907657098e-10
0.054999994486570364,-1.0593637851080762e-11
0.054999994486570364,5.692204224908939e-12
0.09333332839111487,7.785342398522986e-10
0.1083333286146323,1.0487673470777951e-09
0.09833332846562068,1.0906336659620366e-09
0.08499999493360519,7.348958234998605e-10
0.08666666162510714,8.526625029091603e-10
0.0566666611780723,6.921616337643485e-10
0.06333332794408003,6.180836205711723e-10
0.08666666162510714,1.145970744899946e-09
0.06499999463558197,6.647857476058361e-10
0.0566666611780723,5.844511570541448e-10
0.07499999478459358,6.476059854865794e-10
0.054999994486570364,7.977150430893439e-12
0.07166666140158971,6.606849326799941e-10
0.054999994486570364,-1.5255376139957616e-11
0.10333332854012647,7.982465170966239e-10
0.08333332824210327,7.208159625771487e-10
0.06999999471008778,5.972148265241717e-10
0.0566666611780723,5.405465877491366e-12
0.06333332794408003,5.052777710167714e-10
0.06999999471008778,6.916220667689552e-10
0.08666666162510714,1.2470819415089015e-09
0.17166666289170585,1.7763341513154547e-09
0.06499999463558197,7.163854414593146e-10
0.054999994486570364,-6.826241043411661e-12
0.054999994486570364,-8.646953289317089e-13
0.054999994486570364,-6.142473036088827e-12
0.0566666611780723,1.1956317044316323e-10
0.054999994486570364,7.037186285765335e-10
0.054999994486570364,1.3434139605187018e-11
0.0566666611780723,-1.639336895627128e-11
0.0566666611780723,5.5961020756574544e-11
0.054999994486570364,-3.336693503739571e-11
0.07333332809309165,5.943572615505878e-10
0.08499999493360519,8.493539448639454e-10
0.08499999493360519,9.178629602268771e-10
0.054999994486570364,-1.5936379715074626e-11
0.05833332786957422,1.0013440726227476e-10
0.054999994486570364,-6.005824292397508e-12
0.06833332801858584,8.672222106181201e-10
0.05833332786957422,5.289051347668131e-10
0.09166666169961293,1.1079194296196282e-09
0.06333332794408003,5.984466294192233e-10
0.06999999471008778,6.532967748841165e-10
0.0799999948590994,8.296432637525347e-10
0.054999994486570364,-6.639784857390971e-12
0.054999994486570364,6.535165397187828e-12
0.05833332786957422,6.309943768995984e-10
0.07166666140158971,7.652053680115531e-10
0.054999994486570364,-4.512544742486087e-11
0.05999999456107616,6.64457733425828e-10
0.061666661252578095,6.837673519617766e-10
0.054999994486570364,-1.3788082252780837e-11
0.0799999948590994,7.632023093753936e-10
0.061666661252578095,6.797135325715753e-10
0.06333332794408003,6.430562628730743e-10
0.061666661252578095,6.229713273615628e-10
0.05999999456107616,4.43792842761473e-10
0.06499999463558197,2.7507682847056015e-10
0.054999994486570364,-2.283602119981301e-11
0.0566666611780723,-2.8974013949223213e-11
0.061666661252578095,4.6314739523642246e-10
0.054999994486570364,1.6833333108090343e-10
0.0566666611780723,2.209229361119793e-11
0.05999999456107616,7.229539376947401e-10
0.054999994486570364,-1.3505824192041746e-11
0.0566666611780723,9.637992702577413e-11
0.06999999471008778,8.883934589029884e-10
0.13333332898716133,1.5411241542960624e-09
0.05833332786957422,9.194001059010258e-11
0.08833332831660906,9.143027655437017e-10
0.054999994486570364,1.3723108563419116e-10
0.0566666611780723,2.742831504517417e-11
0.0566666611780723,7.1650984704337e-11
0.0566666611780723,8.079491617658479e-11
0.07666666147609552,1.4024822507372483e-10
0.054999994486570364,9.746863668862364e-12
0.089999995008111,1.0251599189425026e-09
0.054999994486570364,5.378584157421078e-10
0.0566666611780723,-4.997535775423026e-11
0.06999999471008778,6.745833243068884e-10
0.054999994486570364,3.9890232441148134e-11
0.054999994486570364,-1.753584205926376e-11
0.06499999463558197,2.6560726594951617e-10
0.054999994486570364,1.327822086251629e-10
0.06499999463558197,6.26111102733262e-10
0.0566666611780723,1.0163530329953738e-11
0.054999994486570364,-2.902105695934639e-11
0.054999994486570364,-1.973342267501984e-11
0.06499999463558197,7.126074466051138e-10
0.054999994486570364,8.58200343126544e-11
0.054999994486570364,-2.0094085752633504e-12
0.05999999456107616,1.222857548649041e-10
0.0566666611780723,6.448138211591273e-11
0.08333332824210327,1.1150400767179341e-09
0.0566666611780723,-2.1460573189543666e-11
0.054999994486570364,9.32571672109262e-12
0.07833332816759746,7.209627096512089e-10
0.054999994486570364,-2.034274166328238e-11
0.054999994486570364,2.7539893248516313e-11
0.054999994486570364,3.338037589743069e-11
0.054999994486570364,-4.209677363026131e-11
0.0566666611780723,1.921146927698548e-11
0.054999994486570364,3.726359288199643e-12
0.07333332809309165,9.081336684040267e-10
0.054999994486570364,2.3794802548990256e-11
0.0566666611780723,5.044802799880151e-11
0.09666666177411874,4.2186841540770697e-10
0.054999994486570364,1.8743279319092738e-11
0.05833332786957422,5.825901222281354e-10
0.05999999456107616,4.516976889913975e-10
0.06333332794408003,4.678974523680129e-10
0.089999995008111,9.661437779219246e-10
0.054999994486570364,-2.74081537551218e-11
0.0566666611780723,4.243646515320756e-10
0.08499999493360519,7.041043720218396e-10
0.05999999456107616,8.712824942517338e-10
0.054999994486570364,4.374999941458839e-12
0.12999999560415745,1.3210416489901106e-09
0.054999994486570364,2.0762411069700533e-11
0.11333332868913809,1.3164011261763874e-09
0.054999994486570364,-4.583333272005139e-12
0.05833332786957422,-1.3685035659177707e-11
0.054999994486570364,8.911962246342468e-11
0.054999994486570364,5.311155842911091e-11
0.054999994486570364,-1.1102150389079243e-11
0.054999994486570364,4.914450288850784e-11
0.05833332786957422,5.125975108715465e-10
0.11999999545514584,1.217650210464271e-09
0.061666661252578095,7.294547774733752e-10
0.054999994486570364,4.935931833594976e-11
0.06333332794408003,8.021187835932732e-10
0.054999994486570364,-1.6169354622351344e-11
0.054999994486570364,-3.342293862087922e-12
0.054999994486570364,1.3095877960967425e-11
0.054999994486570364,9.181441957523474e-11
0.0566666611780723,2.4182919298162893e-11
0.07166666140158971,6.328693768745095e-10
0.05999999456107616,4.953353952632834e-10
0.054999994486570364,2.0855734487957974e-12
0.061666661252578095,7.317551071676168e-10
