-0.009999995927015948,1.7527777543242617e-10
-0.3100000003973643,-4.202129573401896e-09
-0.009999995927015948,1.7607602103577995e-10
-0.38333333482344945,-4.003703650131063e-09
-0.009999995927015948,-2.2199193715623203e-10
-0.029999996225039183,-3.40718949689284e-10
-0.21666666567325593,-3.0673972192298332e-09
-0.009999995927015948,-1.7637870619140042e-10
-0.2833333333333333,-2.9107153339595384e-09
-0.009999995927015948,1.0633917986364957e-10
-0.009999995927015948,1.838245589437946e-10
-0.2433333327372869,-2.4400547404331284e-09
-0.26999999980131784,-2.780750713542162e-09
-0.4500000024835269,-4.480277717828207e-09
-0.4033333351214727,-4.385925867238857e-09
-0.2099999989072482,-2.1653152863417268e-09
-0.3100000003973643,-3.2464814380410568e-09
-0.5033333366115887,-5.627945130173208e-09
-0.009999995927015948,1.791269817301272e-10
-0.29000000009934107,-3.858724518007354e-09
-0.3366666674613953,-3.6199999515616098e-09
-0.23666666597127917,-2.7255398696334615e-09
-0.009999995927015948,-1.7380162652838504e-10
-0.009999995927015948,-3.883333281371342e-10
-0.009999995927015948,1.3478457869534471e-10
-0.009999995927015948,-1.494124470990593e-10
-0.29000000009934107,-3.5592008656171573e-09
-0.16333333154519397,-7.502736218015564e-10
-0.009999995927015948,-1.541393186053151e-10
-0.1299999977151553,-1.3065615440787611e-09
-0.009999995927015948,-1.6970588008214576e-10
-0.009999995927015948,-5.145555486704059e-10
-0.009999995927015948,1.0121420254029217e-10
-0.2966666668653488,-3.293425881857348e-09
-0.25666666626930235,-2.9246295904958316e-09
-0.3500000009934108,-4.002009078870124e-09
-0.009999995927015948,1.402573080647695e-10
-0.10999999741713207,-1.1170444294975291e-09
-0.009999995927015948,-1.1349407631554124e-10
-0.3100000003973643,-2.9107980831170056e-09
-0.31666666716337205,-2.986666626702765e-09
-0.009999995927015948,-1.6190808393011298e-10
-0.009999995927015948,-5.382456068329469e-10
-0.24999999950329463,-2.8749073689389304e-09
-0.20333333214124044,-2.5750760690442584e-09
-0.5300000036756197,-5.254023953721132e-09
-0.38333333482344945,-4.037785334099173e-09
-0.39666666835546494,-3.866514407928203e-09
-0.41666666865348817,-4.07657401952637e-09
-0.343333334227403,-3.6320369884375826e-09
-0.1966666653752327,-2.4465164837802398e-09
-0.25666666626930235,-2.42930155479566e-09
-0.009999995927015948,-1.331623913805778e-10
-0.343333334227403,-3.4609364616265103e-09
-0.31666666716337205,-3.1722374004753925e-09
-0.3100000003973643,-3.0958685031758313e-09
-0.009999995927015948,-3.4999999531673046e-10
-0.2433333327372869,-2.9611267209412223e-09
-0.009999995927015948,1.4276023200788671e-10
-0.009999995927015948,-2.0809441287471893e-10
-0.26333333303531015,-2.838425887945599e-09
-0.9566666767001152,-9.639123501694025e-09
-0.3300000006953875,-3.539906055919713e-09
-0.25666666626930235,-3.103518476991049e-09
-0.38333333482344945,-4.161826428329819e-09
-0.46333333601554233,-5.282666595980516e-09
-0.009999995927015948,1.646180533528392e-10
-0.6700000057617823,-7.971203597042852e-09
-0.1833333318432172,-2.140370341730565e-09
-0.343333334227403,-4.0259664605891295e-09
-0.009999995927015948,9.899305423095236e-11
-0.009999995927015948,-2.470512787455455e-10
-0.21666666567325593,-2.6469669315485088e-09
-0.009999995927015948,1.171995449170406e-10
-0.25666666626930235,-3.1829223318392686e-09
-0.2833333333333333,-3.259722178604627e-09
-0.5100000033775965,-5.5130554817866226e-09
-0.22999999920527142,-2.511365045761079e-09
-0.009999995927015948,3.905555503296213e-10
-0.016666662693023693,-8.625396709982385e-11
-0.3100000003973643,-3.416978645297979e-09
-0.25666666626930235,-2.356611862050441e-09
-0.009999995927015948,-1.438627089534237e-10
-0.2766666665673256,-2.9958066570218647e-09
-0.4700000027815501,-5.084812138534064e-09
-0.22333333243926368,-2.708493114443206e-09
-0.26999999980131784,-2.7357433123764315e-09
-0.1966666653752327,-2.445571172284197e-09
-0.1833333318432172,-2.6127386191866485e-09
-0.2433333327372869,-2.299786879424947e-09
-0.009999995927015948,1.8353800924002652e-10
-0.009999995927015948,-1.4201709211679585e-10
-0.04999999652306236,5.0746267977693034e-12
-0.2099999989072482,-1.9937401924145514e-09
-0.009999995927015948,-8.749272715970448e-11
-0.009999995927015948,-9.555555427694866e-11
-0.39666666835546494,-4.339536978970686e-09
-0.29000000009934107,-3.2007824297845232e-09
-0.25666666626930235,-2.687129593673764e-09
-0.009999995927015948,-7.058375540071264e-11
-0.03666666299104693,-4.2287878222034393e-10
-0.4100000018874804,-4.355925867640279e-09
-0.009999995927015948,-1.3694444261202226e-10
-0.7100000063578288,-7.468728971599937e-09
-0.009999995927015948,nan
-0.29000000009934107,-2.8125925549579362e-09
-0.009999995927015948,9.881286417488381e-11
-0.009999995927015948,-9.928204995358095e-11
-0.2833333333333333,-3.1233332915407266e-09
-0.31666666716337205,-3.614520499580134e-09
-0.24999999950329463,-2.7673332963042803e-09
-0.009999995927015948,-1.7616469025417388e-10
-0.24999999950329463,-3.1148047631263152e-09
-0.26999999980131784,-2.805740703197767e-09
-0.009999995927015948,-1.5444444237785883e-09
-0.05666666328907011,-6.988732300851574e-10
-0.25666666626930235,-2.6232571947313693e-09
-0.009999995927015948,-1.3557882308404764e-10
-0.009999995927015948,1.878114452983859e-10
-0.009999995927015948,2.524210492539908e-10
-0.009999995927015948,-1.297777760412511e-10
-0.343333334227403,-4.051851797634952e-09
-0.17666666507720946,-2.249389641262935e-09
-0.23666666597127917,-2.9146295906296386e-09
-0.23666666597127917,-2.287261315247575e-09
-0.009999995927015948,2.0419297972388097e-10
-0.009999995927015948,-7.753968150214185e-11
-0.2766666665673256,-2.8654068474176457e-09
-0.009999995927015948,-2.232098735564899e-10
-0.009999995927015948,-2.0599145023512875e-10
-0.36333333452542627,-4.127685129953577e-09
-0.009999995927015948,-1.6847437886255126e-10
-0.009999995927015948,-2.6055555206912153e-10
-0.009999995927015948,6.666666577461519e-12
-0.009999995927015948,1.4534502729493766e-10
-0.009999995927015948,2.7555555186841e-10
-0.4700000027815501,-4.89550071696704e-09
-0.009999995927015948,1.5902923763814817e-10
-0.7900000075499216,-8.884596532563216e-09
-0.009999995927015948,-1.808888864684562e-09
-0.009999995927015948,-7.833333228517296e-11
-0.009999995927015948,1.3111110935674347e-10
-0.009999995927015948,2.80555551801506e-10
-0.009999995927015948,-1.33390902072352e-10
-0.009999995927015948,-1.24444442779282e-10
-0.009999995927015948,-1.3771960257838087e-10
-0.41666666865348817,-4.538082131057786e-09
-0.26999999980131784,-3.1575078942580463e-09
-0.009999995927015948,-3.566666618941919e-10
-0.009999995927015948,-1.0842921456718204e-10
-0.3900000015894572,-4.166388833139395e-09
-0.23666666597127917,-2.7253520762087447e-09
-0.009999995927015948,-2.4444444117358955e-10
-0.009999995927015948,1.4640935476607618e-10
-0.4500000024835269,-4.326944386546593e-09
-0.009999995927015948,1.242726214757392e-10
-0.36333333452542627,-4.409814755808095e-09
-0.31666666716337205,-3.1854794094306252e-09
-0.3233333339293798,-3.870648096355893e-09
-0.0699999968210856,-1.0232222085307205e-09
-0.009999995927015948,1.6983625503740164e-10
-0.009999995927015948,-2.7555555186841007e-11
-0.009999995927015948,-1.0222222085441009e-10
-0.009999995927015948,5.143859580294001e-11
-0.25666666626930235,-3.156296254062619e-09
-0.9966666772961617,-1.0843797419589605e-08
-0.2433333327372869,-2.3147221912494556e-09
-0.009999995927015948,1.0511110970464342e-10
-0.38333333482344945,-4.277777720537813e-09
-0.550000003973643,-6.478630050297235e-09
-0.009999995927015948,-4.707777714784085e-10
-0.26999999980131784,-2.8711110726934312e-09
-0.3233333339293798,-3.973425872758425e-09
-0.3900000015894572,-4.215494616348379e-09
-0.10999999741713207,-8.410281811178706e-10
-0.6100000048677127,-7.0659435888616636e-09
-0.31666666716337205,-3.497222175426693e-09
-0.37000000129143396,-3.6792592100279343e-09
-0.009999995927015948,9.619528490811921e-11
-0.24999999950329463,-3.1207589566768935e-09
-0.3766666680574417,-4.146574018589718e-09
-0.009999995927015948,-1.037651108740644e-10
-0.21666666567325593,-2.6296295944431582e-09
-0.24999999950329463,-2.947685145742886e-09
-0.009999995927015948,-8.888888769948706e-11
-0.343333334227403,-3.476018472006712e-09
-0.009999995927015948,-2.48253964932139e-10
-0.30333333363135656,-2.9300988953440072e-09
-0.20333333214124044,-2.1984258965092926e-09
-0.009999995927015948,1.6257731741221917e-10
-0.009999995927015948,-4.844444379622046e-10
-0.29000000009934107,-3.1532406985479498e-09
-0.009999995927015948,-1.891448491270368e-10
-0.009999995927015948,-1.6029086463819818e-10
-0.009999995927015948,-1.1055555407623707e-10
-0.009999995927015948,7.722222118892937e-11
-0.3366666674613953,-3.4199999542377643e-09
-0.009999995927015948,2.423040903250361e-10
-0.25666666626930235,-2.7357407041344217e-09
-0.26999999980131784,-2.9373743899194108e-09
-0.009999995927015948,-4.555555494598713e-10
-0.343333334227403,-4.169984723502237e-09
-0.1433333312471708,-1.8908685192996606e-09
-0.38333333482344945,-4.166430690064253e-09
-0.009999995927015948,1.8305555310613125e-10
-0.3500000009934108,-3.510958857130253e-09
-0.21666666567325593,-2.2096296000630823e-09
-0.21666666567325593,-2.444851297489447e-09
-0.009999995927015948,-1.4108202254502358e-10
-0.2833333333333333,-3.1872221795747335e-09
-0.3900000015894572,-4.478333273409783e-09
-0.009999995927015948,2.7222221857967302e-12
-0.3766666680574417,-3.402465707897043e-09
-0.009999995927015948,-1.37777775934205e-10
-0.009999995927015948,-1.5939086081138987e-10
-0.2966666668653488,-3.386666621350456e-09
-0.009999995927015948,1.616666645034422e-10
-0.009999995927015948,-1.4692553613757178e-10
-0.009999995927015948,-6.44444435821282e-11
-0.009999995927015948,3.999999946476918e-11
-0.009999995927015948,1.6320467617876888e-10
-0.009999995927015948,-8.324786213394272e-11
-0.2966666668653488,-3.1571282832637966e-09
-0.26999999980131784,-3.2962049637189627e-09
-0.30333333363135656,-2.9225925534860505e-09
-0.5166666701436042,-5.871573995507887e-09
-0.3366666674613953,-3.3180555111574143e-09
-0.009999995927015948,-1.26427348735655e-10
-0.3233333339293798,-4.00720651915044e-09
-0.29000000009934107,-3.3118618175465972e-09
-0.009999995927015948,-1.8695462228025309e-10
-0.2833333333333333,-3.3918935383384196e-09
-0.23666666597127917,-2.630370335173987e-09
-0.009999995927015948,1.5399305349500985e-10
-0.3100000003973643,-2.941430706455697e-09
-0.009999995927015948,-1.7167529994810263e-10
-0.31666666716337205,-3.3652268720285743e-09
-0.343333334227403,-4.020555501757424e-09
-0.31666666716337205,-3.3730555104214725e-09
-0.04333332975705467,-4.341062743845602e-10
-0.009999995927015948,1.9607743845377393e-10
-0.009999995927015948,2.022222195163331e-10
-0.009999995927015948,4.888888823471788e-11
-0.25666666626930235,-3.0820699739802276e-09
-0.009999995927015948,-1.3888306969486622e-10
-0.2833333333333333,-3.265174994361192e-09
-0.24999999950329463,-2.8915740353825835e-09
-0.009999995927015948,8.888888769948709e-11
-0.009999995927015948,1.4438596298028532e-10
-0.36333333452542627,-3.883148096188634e-09
-0.1966666653752327,-2.229351822021406e-09
-0.6833333392937978,-6.9081380457019256e-09
-0.26333333303531015,-2.566759224914042e-09
-0.009999995927015948,1.171345013566266e-10
-0.4500000024835269,-4.687792935751646e-09
-0.0699999968210856,-7.249765161208516e-10
-0.009999995927015948,1.872923951547023e-10
-0.3100000003973643,-3.1978716317014045e-09
-0.009999995927015948,6.141414059237301e-11
-0.24999999950329463,-2.823796258511726e-09
-0.009999995927015948,-9.61111098250704e-11
-0.25666666626930235,-2.6432495841137786e-09
-0.009999995927015948,-1.3230569771151318e-10
-0.2433333327372869,-2.707777741545623e-09
-0.2099999989072482,-2.284048675678154e-09
-0.009999995927015948,7.335600808873487e-11
-0.009999995927015948,-1.0723676412646235e-10
-0.2966666668653488,-3.55629624871031e-09
-0.3233333339293798,-3.49277773104172e-09
-0.3100000003973643,-3.38064810291247e-09
-0.009999995927015948,-1.1804537363861205e-10
-0.3766666680574417,-4.07907401949292e-09
-0.009999995927015948,8.045138781238723e-11
-0.009999995927015948,5.5555554812179446e-11
-0.009999995927015948,-1.066666652393845e-10
-0.26999999980131784,-3.519117152302672e-09
-0.29000000009934107,-3.3781481029459225e-09
-0.22999999920527142,-3.091019745549971e-09
-0.5166666701436042,-5.74112668374268e-09
-0.21666666567325593,-2.6882495835116442e-09
-0.029999996225039183,-1.99999997323846e-11
-0.3233333339293798,-3.315185140825453e-09
-0.009999995927015948,-1.324869092219875e-10
-0.36333333452542627,-4.090516377190619e-09
-0.009999995927015948,1.1553216219678068e-10
-0.009999995927015948,-1.977777751313588e-10
-0.37000000129143396,-3.943779289952199e-09
-0.2766666665673256,-3.0638888478916935e-09
-0.009999995927015948,1.74941518126984e-10
-0.2433333327372869,-2.5602434969444036e-09
-0.25666666626930235,-2.8242998100016896e-09
-0.29000000009934107,-3.074536995897362e-09
-0.009999995927015948,2.0679138045292648e-10
-0.523333336909612,-5.238112563091143e-09
-0.009999995927015948,-1.1499999846121152e-10
-0.2433333327372869,-2.715328602164463e-09
-0.009999995927015948,-7.055555461146789e-11
-0.009999995927015948,8.907216375659941e-11
-0.6833333392937978,-7.600833231628327e-09
-0.009999995927015948,-2.6503780913538157e-10
-0.23666666597127917,-2.4812785056113657e-09
-0.2099999989072482,-2.215174573533859e-09
-0.3500000009934108,-3.719048656476749e-09
-0.343333334227403,-3.316056293656779e-09
-0.2433333327372869,-2.644076646936336e-09
-0.41666666865348817,-4.064389616976836e-09
-0.009999995927015948,nan
-0.009999995927015948,-1.104444429666127e-09
-0.3766666680574417,-3.87737084013657e-09
-0.009999995927015948,-1.4329261006634604e-10
-0.009999995927015948,-1.0943571697661975e-10
-0.009999995927015948,1.5168349965385952e-10
-0.009999995927015948,1.4707330845587178e-10
-0.1833333318432172,-2.5872613112333448e-09
-0.009999995927015948,2.04209619260645e-10
-0.22999999920527142,-3.1821308554419455e-09
-0.26333333303531015,-3.5294443972177585e-09
-0.24999999950329463,-2.5550608486119255e-09
-0.523333336909612,-5.9436528885058724e-09
-0.12333333094914756,-1.1819519361365241e-09
-0.21666666567325593,-2.236306276382804e-09
-0.009999995927015948,-4.177777721875893e-10
-0.2099999989072482,-2.7747221850943005e-09
-0.22333333243926368,-1.9235184927803576e-09
-0.5166666701436042,-5.4768700362614225e-09
-0.029999996225039183,-5.0130718283460714e-11
-0.30333333363135656,-3.5694367863325537e-09
-0.009999995927015948,-2.0806573310888124e-10
-0.029999996225039183,1.4715686077602573e-10
-0.009999995927015948,1.7524561169016646e-10
-0.009999995927015948,-1.9073879907662176e-10
-0.009999995927015948,1.6270760016202817e-10
-0.009999995927015948,-8.553810240400909e-11
-0.30333333363135656,-3.3051851409592595e-09
-0.05666666328907011,-5.861269762841534e-10
-0.009999995927015948,nan
-0.009999995927015948,-1.1292307541207916e-10
-0.18999999860922495,-1.8327777532537983e-09
-0.009999995927015948,1.2404040238064787e-10
-0.009999995927015948,-1.8417684453964402e-10
-0.3233333339293798,-3.0995369955628424e-09
-0.009999995927015948,-8.466666553376144e-10
-0.3500000009934108,-4.1446879201877596e-09
-0.2099999989072482,-2.2951597866405903e-09
-0.3900000015894572,-3.840925874531378e-09
-0.22333333243926368,-3.154764036934465e-09
-0.2099999989072482,-2.6910184825106168e-09
-0.4500000024835269,-4.464907347663504e-09
-0.009999995927015948,1.8703703453433744e-10
-0.25666666626930235,-2.3475375061256757e-09
-1.350000015894572,-2.4568888560138217e-08
-0.24999999950329463,-2.5051877599058863e-09
-0.009999995927015948,-1.628803397008775e-10
-0.009999995927015948,4.48412692412584e-12
-0.20333333214124044,-2.703888852708771e-09
-0.2966666668653488,-3.495462916190975e-09
-0.2099999989072482,-2.314999969023516e-09
-0.009999995927015948,1.3215349193156994e-10
-0.009999995927015948,1.3107743932352401e-10
-0.009999995927015948,-1.4411877201793997e-10
-0.009999995927015948,-1.2027350266415203e-10
-0.1833333318432172,-2.467762524057061e-09
-0.009999995927015948,-8.417684587772111e-11
-0.009999995927015948,-4.8888888234717885e-11
-0.23666666597127917,-2.3987987667010215e-09
-0.22333333243926368,-2.714929541136938e-09
-0.009999995927015948,-1.1022978328362108e-10
-0.5300000036756197,-5.767962885783174e-09
-0.009999995927015948,1.7708186897553726e-10
-0.009999995927015948,-1.4084932912172656e-10
-0.4566666692495346,-5.4692252789302266e-09
-0.37000000129143396,-4.42935179258371e-09
-0.009999995927015948,-1.8036557041328245e-10
-0.3233333339293798,-3.513959264404617e-09
-0.009999995927015948,-1.827777753320702e-10
-0.29000000009934107,-3.4924647420005237e-09
-0.2966666668653488,-3.166666624294226e-09
-0.26333333303531015,-2.978873199577e-09
-0.25666666626930235,-2.861408412416374e-09
-0.22999999920527142,-2.813740181442319e-09
-0.3100000003973643,-3.467685138784885e-09
-0.009999995927015948,5.67222214632352e-10
-0.26999999980131784,-2.9165740350480644e-09
-0.38333333482344945,-3.6523896010521083e-09
-0.22999999920527142,-2.380740708884595e-09
-0.41666666865348817,-4.593020282829799e-09
-0.009999995927015948,-1.1587301432254563e-10
-0.2833333333333333,-3.173425883463041e-09
-0.009999995927015948,-5.328888817584252e-10
-0.22333333243926368,-2.7826290707474976e-09
-0.2099999989072482,-2.7319253820139877e-09
-0.009999995927015948,1.1078362424862387e-10
-0.43000000218550366,-4.786362188618406e-09
-0.009999995927015948,1.209764293576731e-10
-0.343333334227403,-3.568333285586283e-09
-0.2766666665673256,-2.7984444069991013e-09
-0.523333336909612,-5.3806480761509294e-09
-0.009999995927015948,-2.704273468088241e-10
-0.009999995927015948,-1.9111110855389727e-10
-0.24999999950329463,-2.712694027629004e-09
-0.343333334227403,-3.6951851357407595e-09
-0.009999995927015948,-1.0668993458171435e-10
-0.4900000030795733,-5.222476120595432e-09
-0.009999995927015948,2.0314058685098346e-10
-0.009999995927015948,9.774305424767821e-11
-0.3100000003973643,-3.5503195871971827e-09
-0.36333333452542627,-4.074722167699298e-09
-0.3233333339293798,-3.845852843688193e-09
-0.009999995927015948,1.6564625628692673e-10
-0.2099999989072482,-2.817962925256447e-09
-0.2433333327372869,-2.357869070428585e-09
-0.009999995927015948,1.5364583127743362e-10
-0.22999999920527142,-2.148736653135613e-09
-0.023333329459031438,-2.96384738986051e-10
-0.3766666680574417,-4.102222167331328e-09
-0.009999995927015948,-2.3222221911491001e-10
-0.22333333243926368,-2.007499973138102e-09
-0.36333333452542627,-4.044992335524809e-09
-0.26333333303531015,-2.316203672711113e-09
-0.009999995927015948,1.8667836007519912e-10
-0.009999995927015948,-1.6288775867774023e-10
-0.009999995927015948,1.3902356716332666e-10
-0.2433333327372869,-2.601388854080301e-09
-0.36333333452542627,-4.003393339824904e-09
-0.009999995927015948,-2.846666628576073e-10
-0.009999995927015948,1.3350168171532805e-10
-0.029999996225039183,-2.026143763738185e-12
-0.22999999920527142,-2.346296264901044e-09
-0.4433333357175191,-4.82920181331583e-09
-0.2766666665673256,-3.093485498941635e-09
-0.009999995927015948,-2.4189644818848626e-10
-0.2833333333333333,-3.2524073638876895e-09
-0.009999995927015948,-2.2666666363369203e-10
-0.4033333351214727,-3.780925875334223e-09
-0.009999995927015948,2.5583625388665546e-10
-0.2766666665673256,-2.6653703347056604e-09
-0.2966666668653488,-3.965765712700763e-09
-0.009999995927015948,-1.5354058516485228e-10
-0.009999995927015948,1.8541520219736416e-10
-0.009999995927015948,-1.6444444224405103e-10
-0.29000000009934107,-3.2150925495721755e-09
-0.343333334227403,-3.5927853400536157e-09
-0.2433333327372869,-2.6378716391946367e-09
-0.3100000003973643,-3.5237962491451856e-09
-0.2766666665673256,-3.0619786500481516e-09
-0.24999999950329463,-2.4208333009407178e-09
-0.009999995927015948,7.273809426480357e-11
-0.03666666299104693,-1.107246361995785e-10
-0.22333333243926368,-2.215743319334432e-09
-0.2966666668653488,-3.0584170062601936e-09
-0.2433333327372869,-2.2410349776235745e-09
-0.48333333631356556,-5.0630359259928945e-09
-0.03666666299104693,-2.08212557600429e-10
-0.22999999920527142,-2.6163379931603958e-09
-0.2433333327372869,-2.890648109469048e-09
-0.009999995927015948,1.7402923743743672e-10
-0.2433333327372869,-2.3352738341669466e-09
-0.4366666689515114,-4.650328576272671e-09
-0.3100000003973643,-4.174240945710383e-09
-0.009999995927015948,-1.3007483994055777e-10
-0.18999999860922495,-1.9598747781572107e-09
-0.4100000018874804,-4.597686392056275e-09
-0.009999995927015948,-2.921555516462892e-10
-0.3300000006953875,-3.640092543885349e-09
-0.2766666665673256,-3.0768768357058927e-09
-0.009999995927015948,1.9347952957483755e-10
-0.009999995927015948,1.7807017305588042e-10
-0.4100000018874804,-4.481984067011726e-09
-0.009999995927015948,2.399999967886152e-10
-0.26999999980131784,-2.842685147147867e-09
-0.009999995927015948,-1.1329842780335147e-10
-0.4500000024835269,-4.4460184590273635e-09
-0.009999995927015948,1.319473063673186e-10
-0.009999995927015948,-1.9585491965910294e-10
-0.2433333327372869,-3.1582406984810456e-09
-0.343333334227403,-3.8162962452313106e-09
-0.009999995927015948,1.9330993893383204e-10
-0.009999995927015948,1.442748518706609e-10
-0.343333334227403,-4.166791806529933e-09
-0.1966666653752327,-2.419444412070413e-09
-0.22999999920527142,-2.7414611505317486e-09
-0.009999995927015948,-2.0395726222815988e-10
-0.3766666680574417,-3.776438305632728e-09
-0.25666666626930235,-2.9212962572071005e-09
-0.009999995927015948,1.1410774258089461e-10
-0.4766666695475578,-5.148561574943894e-09
-0.26999999980131784,-2.5249451931313447e-09
-0.3500000009934108,-3.5593518042249804e-09
-0.17666666507720946,-1.9082407152070086e-09
-0.22333333243926368,-2.7659780537559048e-09
-0.009999995927015948,-1.726223350534501e-10
-0.009999995927015948,-6.328888804203481e-10
-0.009999995927015948,1.7145475142859828e-10
-0.25666666626930235,-2.629369334186381e-09
-0.016666662693023693,-9.777777646943576e-11
-0.36333333452542627,-3.885875138262747e-09
-0.009999995927015948,-1.3103839266196268e-10
-0.22333333243926368,-2.5153703367127756e-09
-0.06333333005507785,-6.456481395088783e-10
-0.30333333363135656,-3.446944398321671e-09
-0.009999995927015948,-1.250145416663597e-10
-0.3300000006953875,-3.796018467724866e-09
-0.009999995927015948,2.2755555251068694e-10
-0.25666666626930235,-2.438508338755961e-09
-0.029999996225039183,-5.350547659234973e-10
-0.009999995927015948,-1.197035102002321e-10
-0.6166666716337204,-7.25340365881241e-09
-0.009999995927015948,1.6559648901226154e-10
-0.26333333303531015,-2.7200925561956575e-09
-0.6166666716337204,-6.636111022314828e-09
-0.009999995927015948,nan
-0.26333333303531015,-3.048888848092405e-09
-0.009999995927015948,2.059883013372852e-10
-0.343333334227403,-3.3908332879613703e-09
-0.21666666567325593,-2.5096295960488506e-09
-0.009999995927015948,-4.878787813505938e-10
-0.009999995927015948,-1.6376068156943965e-10
-0.20333333214124044,-2.5785083368826545e-09
-0.009999995927015948,-3.9777777245520465e-10
-0.25666666626930235,-2.9831658657145995e-09
-0.20333333214124044,-2.8458751521787476e-09
-0.24999999950329463,-2.6587962607195523e-09
-0.009999995927015948,-2.016666639682114e-10
-0.029999996225039183,4.330065301537514e-11
-0.4100000018874804,-4.8100151563384414e-09
-0.009999995927015948,-6.57940654372513e-11
-0.4100000018874804,-5.154253899286076e-09
-0.20333333214124044,-2.298660547628755e-09
-0.3300000006953875,-3.862777726090834e-09
-0.009999995927015948,-1.725450820425809e-10
-0.26999999980131784,-2.722592556162205e-09
-0.5433333372076352,-5.784814737409533e-09
-0.009999995927015948,1.5850694232349936e-10
-0.24999999950329463,-2.7720851988282166e-09
-0.23666666597127917,-2.398820363640138e-09
-0.18999999860922495,-2.5014814480097315e-09
-0.43000000218550366,-4.806071923171491e-09
-0.009999995927015948,1.4368055363299915e-10
-0.4566666692495346,-5.6752282345633534e-09
-0.009999995927015948,1.4154385775515692e-10
-0.38333333482344945,-4.15613521008819e-09
-0.29000000009934107,-3.568703655951698e-09
-0.26333333303531015,-2.770462925892033e-09
-0.43000000218550366,-4.474536977164281e-09
-0.009999995927015948,1.5809356513604826e-10
-0.2766666665673256,-3.153148105956597e-09
-0.2099999989072482,-2.667003094203897e-09
-0.009999995927015948,9.267836133299159e-11
-0.23666666597127917,-2.3004381538819005e-09
-0.009999995927015948,-1.4875352310826608e-10
-0.009999995927015948,1.6104238043390317e-10
-0.39666666835546494,-3.8593518002107496e-09
-0.22999999920527142,-2.1914814521577697e-09
-0.009999995927015948,1.650994129955209e-10
-0.26999999980131784,-3.026854419592251e-09
-0.009999995927015948,-1.5722222011846776e-10
-0.3300000006953875,-3.491944397719536e-09
-0.25666666626930235,-2.9329629237176577e-09
-0.3233333339293798,-3.3134258815897337e-09
-0.009999995927015948,-2.2111110815247414e-10
-0.009999995927015948,1.365824897549127e-10
-0.009999995927015948,-1.9520725127398692e-10
-0.009999995927015948,-1.5777777566658958e-10
-0.37000000129143396,-3.7990740232395345e-09
-0.009999995927015948,-1.0944444297999332e-10
-0.009999995927015948,-1.4330769039012505e-10
-0.16999999831120172,-2.5548356465655036e-09
-0.009999995927015948,-1.921814983010639e-10
-0.2766666665673256,-2.8049073698755846e-09
-0.3100000003973643,-2.699391135873978e-09
-0.2966666668653488,-3.1414413994065338e-09
-0.009999995927015948,2.1176023108461358e-10
-0.6300000051657358,-7.222222125583323e-09
-0.2966666668653488,-3.6229223259517293e-09
-0.009999995927015948,-1.5218273908042894e-10
-0.009999995927015948,1.342573081450542e-10
-0.23666666597127917,-2.599537002253228e-09
-0.46333333601554233,-4.627036975123715e-09
-0.009999995927015948,-1.0280395441265286e-10
-0.009999995927015948,-1.5977777563982804e-09
-0.009999995927015948,-1.6388888669592976e-11
-0.009999995927015948,1.693537392305151e-10
-0.009999995927015948,2.955555516007945e-10
-0.009999995927015948,-1.1726585067056686e-10
-0.009999995927015948,1.3391812686304314e-10
-0.2433333327372869,-2.1072221940259647e-09
-0.2833333333333333,-2.9633880667638593e-09
-0.009999995927015948,-2.1111110828628194e-10
-0.26333333303531015,-3.039679145555232e-09
-0.009999995927015948,1.4260233727315748e-10
-0.30333333363135656,-3.740907618175383e-09
-0.009999995927015948,-1.1722222065369863e-10
-0.25666666626930235,-2.5524073732542294e-09
-0.29000000009934107,-3.122499958218543e-09
-0.009999995927015948,-1.5603174394392121e-10
-0.009999995927015948,-1.3166666490486516e-10
-0.3500000009934108,-3.700093847203507e-09
-0.2833333333333333,-2.821944406684653e-09
-0.009999995927015948,1.1520045664867803e-10
-0.2099999989072482,-2.143561615153109e-09
-0.009999995927015948,-2.066666639013075e-10
-0.009999995927015948,-1.3733333149570755e-10
-0.016666662693023693,4.122222167063714e-10
-0.2433333327372869,-2.7011871784679057e-09
-0.009999995927015948,-8.442117397218311e-11
-0.009999995927015948,-1.4565143629134233e-10
-0.009999995927015948,2.618402742741533e-10
-0.009999995927015948,-1.1687899785433535e-10
-0.009999995927015948,-2.488510728772782e-10
-0.26333333303531015,-2.4809258927292255e-09
-0.2433333327372869,-2.9292592200635127e-09
-0.009999995927015948,-1.2944444271237804e-10
-0.30333333363135656,-3.031590522600888e-09
-0.2966666668653488,-3.0804381434448993e-09
-0.35666666775941847,-4.231263261495069e-09
-0.009999995927015948,-8.030769123311344e-11
-0.12333333094914756,-1.5899765045464854e-09
-0.009999995927015948,-1.0691390200163757e-10
-0.009999995927015948,-1.018848153906294e-10
-0.009999995927015948,2.276935996468869e-10
-0.2966666668653488,-3.2830359498106673e-09
-0.009999995927015948,-1.319604403517778e-10
-0.24999999950329463,-2.370555523835695e-09
-0.20333333214124044,-2.9121126370900265e-09
-0.2433333327372869,-2.6745539548227356e-09
-0.009999995927015948,1.5864583121052992e-10
-0.029999996225039183,-3.0676328091942564e-10
-0.009999995927015948,-2.0917975287291606e-10
-0.17666666507720946,-1.7362441082231144e-09
-0.2766666665673256,-2.792129592268783e-09
-0.3766666680574417,-5.092146050584621e-09
-0.009999995927015948,-1.5551192345723403e-10
-0.009999995927015948,-1.1424242271377255e-10
-0.1833333318432172,-1.759814791267136e-09
-0.7433333401878675,-8.241721329469021e-09
-0.5633333375056585,-6.276018434540553e-09
-0.26999999980131784,-3.1950075675984112e-09
-0.2966666668653488,-3.518751855503906e-09
-0.009999995927015948,-7.555555454456402e-11
-0.36333333452542627,-3.7149999502904373e-09
-0.009999995927015948,-1.4136125465298018e-10
-0.2833333333333333,-3.2450912807790907e-09
-0.009999995927015948,1.8784210274968569e-10
-0.38333333482344945,-3.913981429109392e-09
-0.009999995927015948,1.9849369722945394e-10
-0.23666666597127917,-2.857370853784955e-09
-0.009999995927015948,nan
-0.6366666719317436,-7.136278443323878e-09
-0.009999995927015948,1.259564702504588e-10
-0.009999995927015948,1.2181871182026415e-10
-0.3366666674613953,-3.770185134737202e-09
-0.6566666722297668,-6.919999907405065e-09
-0.9766666769981385,-1.0170740604648388e-08
-0.009999995927015948,5.833333255278802e-12
-0.25666666626930235,-3.1934258831954252e-09
-0.009999995927015948,1.405321618622615e-10
-0.14999999801317848,-8.005007717612959e-10
-0.26333333303531015,-2.7833176466381286e-09
-0.009999995927015948,nan
-0.009999995927015948,-3.3055555113246756e-10
-0.26999999980131784,-3.1247412062859656e-09
-0.009999995927015948,-2.213212405618672e-10
-0.26999999980131784,-2.896870070783811e-09
-0.20333333214124044,-1.9724073810150756e-09
-0.36333333452542627,-3.8078559740870756e-09
-0.009999995927015948,-2.773333296223997e-10
-0.009999995927015948,5.5859648375361875e-11
-0.009999995927015948,1.6218713233273517e-10
-0.25666666626930235,-2.9271295904623795e-09
-0.009999995927015948,-9.864636077817437e-11
-0.1966666653752327,-2.404722190045186e-09
-0.2099999989072482,-2.6664459308353576e-09
-0.21666666567325593,-2.6630359581067454e-09
-0.25666666626930235,-3.0069796154763447e-09
-0.2433333327372869,-2.284851299630371e-09
-0.4566666692495346,-4.5812962349950205e-09
-0.23666666597127917,-3.017222181849463e-09
-0.009999995927015948,1.783508748065104e-10
-0.41666666865348817,-4.669608701210305e-09
-0.009999995927015948,1.0954385818334158e-10
-0.009999995927015948,3.566666618941912e-11
-0.029999996225039183,-1.158169919143317e-10
-0.20333333214124044,-2.1813888597002247e-09
-0.009999995927015948,1.3780068544134398e-10
-0.26333333303531015,-2.2474999699267176e-09
-0.009999995927015948,1.7491227836129326e-10
-0.7833333407839139,-8.721463107087265e-09
-0.6566666722297668,-6.9042591668749486e-09
-0.2766666665673256,-3.260719831173436e-09
-0.29000000009934107,-3.38715368374881e-09
-0.3233333339293798,-3.3925396371448873e-09
-0.25666666626930235,-2.91314810916798e-09
-0.38333333482344945,-3.752496037425644e-09
-0.009999995927015948,-2.0050028818393456e-10
-0.2433333327372869,-2.7112049715467135e-09
-0.49666666984558105,-4.785462898929781e-09
-0.009999995927015948,-1.8663247613519237e-10
-0.009999995927015948,-8.833333215136535e-11
-0.23666666597127917,-2.7448512934752164e-09
-0.009999995927015948,7.934707797607572e-11
-0.2966666668653488,-3.162129587317897e-09
-0.36333333452542627,-3.851255656229787e-09
-0.2966666668653488,-3.2581481045516153e-09
-0.2966666668653488,-3.1918309432063342e-09
-0.3766666680574417,-3.917722952272682e-09
-0.4233333354194959,-4.1125508056907736e-09
-0.30333333363135656,-2.8540922935784335e-09
-0.009999995927015948,-1.5977893910694458e-10
-0.009999995927015948,-5.555555481217943e-10
-0.009999995927015948,1.3491408754182464e-10
-0.38333333482344945,-4.479999940054147e-09
-0.24999999950329463,-2.545648114085414e-09
-0.009999995927015948,-1.5999999785907673e-10
-0.009999995927015948,-8.731433389211604e-11
-0.009999995927015948,-1.1470622301429886e-10
-0.009999995927015948,-1.3451928432553204e-10
-0.2966666668653488,-2.9020343899635346e-09
-0.22333333243926368,-2.6003703355754097e-09
-0.2766666665673256,-2.8902777391036335e-09
-0.343333334227403,-3.6078703220942836e-09
-0.46333333601554233,-4.53248091347672e-09
-0.29000000009934107,-2.7692592222044353e-09
-0.26333333303531015,-2.9265740349142574e-09
-0.009999995927015948,1.088421038067668e-10
-0.37000000129143396,-4.0451651110377365e-09
-0.22999999920527142,-2.4059588719160038e-09
-0.26333333303531015,-3.133028877407948e-09
-0.009999995927015948,1.968749973656607e-10
-0.009999995927015948,-1.8938917722149864e-10
-0.343333334227403,-4.2103880715156425e-09
-0.4700000027815501,-4.848701030582301e-09
-0.2433333327372869,-2.9001851463784724e-09
-0.2433333327372869,-2.8037036661879884e-09
-0.009999995927015948,1.3583333151577868e-10
-0.009999995927015948,1.3935373963193823e-10
-0.26999999980131784,-2.6583561288127074e-09
-0.009999995927015948,-1.1278632327715694e-10
-0.35666666775941847,-3.864351800143847e-09
-0.20333333214124044,-1.9890639003254304e-09
-0.43000000218550366,-4.662861429235933e-09
-0.2099999989072482,-2.7916666293120147e-09
-0.4900000030795733,-5.02621758875751e-09
-0.09666666388511658,-1.241721423134419e-09
-0.009999995927015948,-1.4386270895342365e-10
-0.30333333363135656,-3.4784037093248214e-09
-0.009999995927015948,-1.452268741475031e-10
-0.4433333357175191,-4.697050015397111e-09
-0.3366666674613953,-3.7202190425523692e-09
-0.009999995927015948,2.2376607887718256e-10
-0.2833333333333333,-2.659523773937331e-09
-0.24999999950329463,-2.809074036486498e-09
-0.009999995927015948,1.7060090474670679e-10
-0.009999995927015948,-1.6575916008567959e-10
-0.5366666704416275,-5.032595289210575e-09
-0.3300000006953875,-3.654074025179746e-09
-0.25666666626930235,-2.18406882836546e-09
-0.009999995927015948,-1.9023850821653321e-10
-0.7366666734218598,-8.712036920463268e-09
-0.3766666680574417,-4.446362193167869e-09
-0.22333333243926368,-2.2663698326879236e-09
-0.009999995927015948,-2.151716085228159e-10
-0.009999995927015948,1.3453800989568418e-10
-0.009999995927015948,2.037192955196929e-10
-0.26333333303531015,-3.219299804716285e-09
-0.3100000003973643,-3.3330288747317934e-09
-0.35666666775941847,-3.7695369865977265e-09
-0.009999995927015948,-3.3166666222871115e-10
-0.21666666567325593,-2.9383561250660907e-09
-0.30333333363135656,-2.992592552549397e-09
-0.009999995927015948,-1.8739964845230825e-10
-0.009999995927015948,-2.26352527512241e-10
-0.009999995927015948,-1.6499127178879915e-10
-0.009999995927015948,1.9355555296563337e-10
-0.009999995927015948,-1.891370533067638e-10
-0.009999995927015948,-1.7069660105503846e-10
-0.26999999980131784,-2.924259220130417e-09
-0.009999995927015948,-2.0029936404407734e-10
-0.9033333425720533,-9.795646748683164e-09
-0.009999995927015948,1.6499999779217295e-10
-0.2099999989072482,-2.369476158770773e-09
-0.009999995927015948,-2.058056982351083e-10
-0.35666666775941847,-4.052036982817658e-09
-0.35666666775941847,-3.649071488463326e-09
-0.009999995927015948,-1.922193109823495e-10
-0.023333329459031438,-3.9205881828336273e-10
-0.009999995927015948,-1.5856410044239277e-10
-0.009999995927015948,-1.1665212176662063e-10
-0.23666666597127917,-2.6434819677580646e-09
-0.2966666668653488,-3.2174474043955198e-09
-0.009999995927015948,-3.4277777319114707e-10
-0.31666666716337205,-3.3611110661368546e-09
-0.009999995927015948,nan
-0.4500000024835269,-4.718333270198397e-09
-0.009999995927015948,-1.1192307542545989e-10
-0.4033333351214727,-4.34675920109627e-09
-0.009999995927015948,1.386531967979122e-10
-0.009999995927015948,1.7520467601819954e-10
-0.3900000015894572,-4.223592028721004e-09
-0.009999995927015948,nan
-0.6366666719317436,-6.742709194404445e-09
-0.21666666567325593,-2.1334258973790427e-09
-0.009999995927015948,-2.087179459251418e-10
-0.009999995927015948,nan
-0.009999995927015948,-3.3407406960390565e-10
-0.3300000006953875,-3.868684158760338e-09
-0.3100000003973643,-3.521759212135406e-09
-0.009999995927015948,1.1583625575996323e-10
-0.3366666674613953,-3.465722936883185e-09
-0.3100000003973643,-3.140925883897916e-09
-0.26333333303531015,-2.8334584910376277e-09
-0.576666671037674,-6.720007520431194e-09
-0.009999995927015948,-3.4533332871250727e-10
-0.2833333333333333,-3.05305551470332e-09
-0.009999995927015948,-1.6993600703386243e-10
-0.009999995927015948,1.2635738662539189e-10
-0.009999995927015948,1.9902494064755057e-10
-0.009999995927015948,-2.697265816148181e-10
-0.22333333243926368,-2.4206392370163744e-09
-0.37000000129143396,-4.073097357979791e-09
-0.009999995927015948,-1.5301093635213523e-10
-0.18999999860922495,-2.168481974113931e-09
-0.4433333357175191,-4.74798792445625e-09
-0.009999995927015948,1.482130564360391e-10
-0.4766666695475578,-4.701759196346095e-09
-0.21666666567325593,-2.4832407075130656e-09
-0.009999995927015948,-2.4833333001044197e-10
-0.3300000006953875,-3.6388127366980083e-09
-0.4433333357175191,-4.651598111274013e-09
-0.24999999950329463,-2.71001518443806e-09
-0.5100000033775965,-5.700281613866682e-09
-0.009999995927015948,5.638888813436214e-11
-0.26333333303531015,-3.2525925490703973e-09
-0.26999999980131784,-2.840833295320794e-09
-0.37000000129143396,-3.9199073549560245e-09
-0.009999995927015948,1.5826388677119637e-10
-0.009999995927015948,-2.1740546538646787e-10
-0.009999995927015948,-1.138598006870557e-10
-0.009999995927015948,-1.363496200487192e-10
-0.009999995927015948,-1.079447308526803e-10
-0.2433333327372869,-3.1375899423671757e-09
-0.009999995927015948,-1.0902563956679392e-10
-0.009999995927015948,-1.227777761349166e-10
-0.3766666680574417,-3.914536984657515e-09
-0.23666666597127917,-2.468668155703999e-09
-0.20333333214124044,-2.2399999700270734e-09
-0.009999995927015948,1.211111094905512e-10
-0.3500000009934108,-3.655774598970242e-09
-0.4100000018874804,-4.583223725840383e-09
-0.343333334227403,-4.091018463777537e-09
-0.43000000218550366,-4.781921857936122e-09
-0.38333333482344945,-3.9399060505674044e-09
-0.21666666567325593,-2.9188127463321627e-09
-0.009999995927015948,-8.257142746655924e-10
-0.3500000009934108,-4.2845369797066304e-09
-0.26999999980131784,-3.146369820912845e-09
-0.009999995927015948,1.6543274632439414e-10
-0.009999995927015948,-3.9674073543204407e-10
-0.009999995927015948,-1.3052389002090483e-10
-0.3500000009934108,-3.597589936212021e-09
-0.009999995927015948,-1.6671320312119766e-10
-0.2766666665673256,-3.543333285920803e-09
-0.26333333303531015,-2.7594444075209506e-09
-0.39666666835546494,-4.174814758952575e-09
-0.29000000009934107,-3.041203663010055e-09
-0.009999995927015948,1.2374268840270694e-10
-0.009999995927015948,-1.263408941791531e-10
-0.009999995927015948,-1.205900962563022e-10
-0.4033333351214727,-3.966759206180964e-09
-0.009999995927015948,-8.5423142207577e-11
-0.3900000015894572,-4.42194438527542e-09
-0.009999995927015948,-2.7633332963578045e-10
-0.009999995927015948,-1.3043177718391063e-10
-0.009999995927015948,-1.8933793644175721e-10
-0.009999995927015948,1.4860818514601095e-10
-0.4700000027815501,-5.1977777082275055e-09
-0.29000000009934107,-2.895951255009453e-09
-0.22999999920527142,-2.3765570887006167e-09
-0.21666666567325593,-2.463993961023855e-09
-0.20333333214124044,-2.2207198450894387e-09
-0.4700000027815501,-4.798703639493351e-09
-0.009999995927015948,1.8851461736057002e-10
-0.29000000009934107,-3.067397219229834e-09
-0.23666666597127917,-2.9966275029388075e-09
-0.009999995927015948,1.3430409177015913e-10
-0.009999995927015948,1.867239379367703e-10
-0.009999995927015948,-7.999999892953837e-11
-0.29000000009934107,-3.0687962552334365e-09
-0.009999995927015948,1.5964912067078937e-10
-0.576666671037674,-6.51327236338012e-09
-0.009999995927015948,-9.299492261352438e-11
-0.009999995927015948,-2.2126367003874597e-10
-0.009999995927015948,-3.627777729235318e-10
-0.30333333363135656,-3.661735110820512e-09
-0.2833333333333333,-3.3415014567896367e-09
-0.9833333437641462,-1.1212206422741985e-08
-0.009999995927015948,-1.5446171353479527e-10
-0.31666666716337205,-3.402222176697866e-09
-0.009999995927015948,1.2185964749223105e-10
-0.2433333327372869,-3.26107932144361e-09
-0.029999996225039183,6.124182924589664e-11
-0.009999995927015948,1.560939268918697e-10
-0.2433333327372869,-2.4425925599088213e-09
-0.009999995927015948,-1.951832434615961e-10
-0.22333333243926368,-2.6746295938410243e-09
-0.22333333243926368,-2.1327777492395673e-09
-0.009999995927015948,-1.3713496035234662e-10
-0.009999995927015948,-1.6219919184231528e-10
-0.009999995927015948,-1.2358088493246046e-10
-0.43000000218550366,-4.764536973283858e-09
-0.25666666626930235,-2.5726331467025167e-09
-0.18999999860922495,-2.05375948545671e-09
-0.009999995927015948,7.292982358554625e-11
-0.009999995927015948,1.4826388690500383e-10
-0.009999995927015948,1.6083900011542383e-10
-0.1966666653752327,-1.9245370112852478e-09
-0.22999999920527142,-3.0027092444485287e-09
-0.25666666626930235,-2.8521295914659375e-09
-0.23666666597127917,-2.8562221840037677e-09
-0.009999995927015948,1.2069444282945982e-10
-0.009999995927015948,1.1400673248123605e-10
-0.03666666299104693,-3.796296245498927e-10
-0.2433333327372869,-2.716682279767632e-09
-0.343333334227403,-3.2857229392917237e-09
-0.4433333357175191,-5.117381971099305e-09
-0.016666662693023693,3.26143786485619e-11
-0.009999995927015948,-1.4071794683503412e-10
-0.1833333318432172,-2.2277620985163345e-09
-0.3300000006953875,-3.6332724019167393e-09
-0.009999995927015948,-2.1004444163388792e-10
-0.22333333243926368,-2.6495148315271058e-09
-0.6700000057617823,-7.244596554507678e-09
-0.009999995927015948,-1.2283885815853197e-10
-0.009999995927015948,-1.2993600756909328e-10
-0.2966666668653488,-2.938611071790229e-09
-0.2433333327372869,-3.1281777359203482e-09
-0.24999999950329463,-2.8462362686444297e-09
-0.6700000057617823,-7.506366265925399e-09
-0.29000000009934107,-3.494159112404617e-09
-0.009999995927015948,-9.748166818236571e-11
-0.30333333363135656,-3.441291245244162e-09
-0.009999995927015948,1.5146620644978332e-10
-0.009999995927015948,1.6722221998466e-10
-0.18999999860922495,-2.1950547437114173e-09
-0.023333329459031438,-1.5754560319871783e-10
-0.29000000009934107,-2.7313888523408004e-09
-0.009999995927015948,1.1896907057305064e-10
-0.009999995927015948,-1.4083764923810894e-10
-0.009999995927015948,-1.3583756163416544e-10
-1.09000001202027,-1.1631204852190239e-08
-0.37000000129143396,-4.137962907593829e-09
-0.26999999980131784,-2.99212958959263e-09
-0.009999995927015948,1.555555534741024e-10
-0.2433333327372869,-3.071993870614294e-09
-0.26999999980131784,-2.999714245575797e-09
-0.25666666626930235,-2.857870332129862e-09
-0.22333333243926368,-2.678789918493625e-09
-0.009999995927015948,1.0746031602241561e-10
-0.009999995927015948,-1.341709826606474e-10
-0.0699999968210856,-4.756481417836089e-10
-0.35666666775941847,-3.6610015159582043e-09
-0.22333333243926368,-2.3082407098547003e-09
-0.009999995927015948,-9.44041438145201e-11
-0.2433333327372869,-3.059553949671139e-09
-0.009999995927015948,-7.244909734354793e-11
-0.7500000069538753,-8.421056225347945e-09
-0.4366666689515114,-4.755462899331204e-09
-0.2099999989072482,-2.210167398127931e-09
-0.009999995927015948,1.0410080043981169e-10
-0.8566666752099991,-9.044351730831451e-09
-0.4233333354194959,-4.578888827619827e-09
-0.29000000009934107,-3.2996042176447933e-09
-0.2766666665673256,-3.2612206136393495e-09
-0.36333333452542627,-4.090471786971051e-09
-0.3900000015894572,-4.606666605025916e-09
-0.009999995927015948,-9.55090155922892e-11
-0.6566666722297668,-7.491018418282918e-09
-0.009999995927015948,-1.0542314193996167e-10
-0.2433333327372869,-3.0103195944227995e-09
-0.26333333303531015,-2.873981443025394e-09
-0.009999995927015948,1.3421052451994912e-10
-0.17666666507720946,-2.1079527876234946e-09
-0.06333333005507785,-8.255999889528359e-10
-0.009999995927015948,9.934027644852835e-11
-0.25666666626930235,-3.0721295885221677e-09
-1.350000015894572,-1.4617407211815231e-08
-0.2833333333333333,-3.3457838212886714e-09
-0.31666666716337205,-3.780039073050837e-09
-0.41666666865348817,-4.987407340672052e-09
-0.26999999980131784,-2.8075418193583447e-09
-0.2433333327372869,-3.0530203034361843e-09
-0.30333333363135656,-3.555148622225928e-09
-0.22999999920527142,-2.839999961998611e-09
-0.009999995927015948,1.953722768817592e-10
-0.6300000051657358,-7.341111012881387e-09
-0.25666666626930235,-3.357314769891354e-09
-0.3100000003973643,-2.99212958959263e-09
-0.009999995927015948,-1.7170984226197546e-10
-0.009999995927015948,-7.2222221255832935e-12
-0.023333329459031438,-1.3840795834699993e-10
-0.5433333372076352,-5.7464814045891304e-09
-0.009999995927015948,1.0481099516112196e-10
-0.009999995927015948,-1.2666666497176904e-10
-0.009999995927015948,-4.222222165725637e-11
-0.22333333243926368,-2.8863546036918964e-09
-0.009999995927015948,-1.0283135790209701e-10
-0.22999999920527142,-2.9868518118854725e-09
-0.3900000015894572,-4.3770775670021036e-09
-0.009999995927015948,1.573040914624015e-10
-0.08999999711910883,-1.9681159156940765e-10
-0.2099999989072482,-2.563129856157181e-09
-0.009999995927015948,8.087056020082206e-11
-0.009999995927015948,1.6994845133420626e-10
-0.009999995927015948,-8.006768082372585e-11
-0.009999995927015948,-7.859220371859103e-11
-0.1833333318432172,-2.3194052897783407e-09
-0.009999995927015948,-1.2141003785654556e-10
-0.009999995927015948,1.0978457902986389e-10
-0.009999995927015948,nan
-0.009999995927015948,-3.5499999524982653e-10
-0.009999995927015948,-5.081871277029885e-10
-0.009999995927015948,-2.0833333054567287e-10
-0.009999995927015948,-4.999999933096148e-10
-0.4500000024835269,-4.75740734374963e-09
-0.009999995927015948,-1.365939481431811e-10
-0.2433333327372869,-3.049809483000721e-09
-0.009999995927015948,7.981859303627406e-11
-0.009999995927015948,6.222222138964096e-11
-0.009999995927015948,1.1017006655305047e-10
-0.35666666775941847,-3.988796242923128e-09
-0.009999995927015948,-1.7520942173933254e-10
-0.1433333312471708,-1.5233485336499076e-09
-0.009999995927015948,8.757894619654734e-11
-0.009999995927015948,-1.8423931377405224e-10
-0.009999995927015948,1.9479797719143263e-10
-0.4033333351214727,-4.337047126137438e-09
-0.3500000009934108,-3.499147593970184e-09
-0.4766666695475578,-5.458148075113919e-09
-0.4033333351214727,-4.458796236634165e-09
-0.2099999989072482,-2.6199999649423805e-09
-0.13666666448116305,-1.6651651428839718e-09
-0.3900000015894572,-4.194999943867666e-09
-0.009999995927015948,-1.491880321917833e-10
-0.39666666835546494,-3.749351801682634e-09
-0.3233333339293798,-3.6011658360076785e-09
-0.26999999980131784,-3.240813728153411e-09
-0.24999999950329463,-2.5432407067102192e-09
-0.009999995927015948,-8.626666551235221e-10
-0.4033333351214727,-4.278278503003727e-09
-0.009999995927015948,8.993055435221476e-12
-0.3500000009934108,-3.651203654847784e-09
-0.22999999920527142,-2.499259225817245e-09
-0.009999995927015948,1.0416666527283641e-10
-0.009999995927015948,7.999999892953838e-11
-0.009999995927015948,1.2404093401275133e-10
-0.2766666665673256,-3.3242008687616388e-09
-0.4366666689515114,-5.094722154050913e-09
-0.2766666665673256,-3.0459258851690904e-09
-0.2966666668653488,-3.4732393901450977e-09
-0.37000000129143396,-4.022347364018267e-09
-0.24999999950329463,-2.7774999628349095e-09
-0.2433333327372869,-2.2823865109309574e-09
-0.009999995927015948,-2.1356602390206608e-10
-0.5966666713356972,-6.2412062656941985e-09
-0.009999995927015948,-1.1342734890960505e-10
-0.009999995927015948,1.754696425547155e-10
-0.009999995927015948,-1.3555555374171784e-09
-0.009999995927015948,1.4508771735686025e-10
-0.009999995927015948,-8.833042348357401e-11
-0.009999995927015948,-1.1922855338448042e-10
-0.2433333327372869,-3.0377777371299696e-09
-0.22999999920527142,-2.3018264532180525e-09
-0.23666666597127917,-2.494654621274252e-09
-0.24999999950329463,-2.445648115423491e-09
-0.009999995927015948,-8.555555441075633e-10
-0.26999999980131784,-2.7794444072533353e-09
-0.29000000009934107,-3.283021265050857e-09
-0.009999995927015948,-2.4111983388823227e-10
-0.23666666597127917,-2.5733332989001505e-09
-0.23666666597127917,-2.8623135081231743e-09
-0.3500000009934108,-3.799444393604948e-09
-0.23666666597127917,-2.5474804040974116e-09
-0.25666666626930235,-2.9686681490136137e-09
-0.25666666626930235,-2.9749608365620573e-09
-0.009999995927015948,-1.6945898551610335e-10
-0.009999995927015948,-1.3533333152246911e-09
-0.009999995927015948,1.4820160168246966e-10
-0.009999995927015948,-7.444444344832042e-11
-0.009999995927015948,nan
-0.23666666597127917,-2.779056279404647e-09
-0.37000000129143396,-4.511118661098941e-09
-0.009999995927015948,-1.845910860805085e-10
-0.009999995927015948,-2.5196043874608546e-10
-0.009999995927015948,1.1930125842656686e-10
-0.009999995927015948,-4.866666601546918e-10
-0.22333333243926368,-2.6275925574333788e-09
-0.009999995927015948,-1.2691099306623104e-10
-0.25666666626930235,-2.6300156142606325e-09
-0.009999995927015948,-1.2425267741241754e-10
-0.009999995927015948,1.7507936273666822e-10
-0.009999995927015948,-9.227580248778291e-11
-0.2966666668653488,-3.1066590147470986e-09
-0.21666666567325593,-2.3889999680333396e-09
-0.5833333378036817,-6.3393517670264386e-09
-0.41666666865348817,-4.323888831031923e-09
-0.2433333327372869,-2.703630636749785e-09
-0.3233333339293798,-3.488771471314418e-09
-0.029999996225039183,7.120914937396417e-11
-0.22333333243926368,-2.1161110827959134e-09
-0.20333333214124044,-2.2384779000322196e-09
-0.38333333482344945,-4.019999946209301e-09
-0.30333333363135656,-2.8711110726934325e-09
-0.22999999920527142,-2.415833301007622e-09
-0.009999995927015948,-1.3739316055473608e-10
-0.25666666626930235,-3.1284258840651766e-09
-0.3233333339293798,-2.994866939582084e-09
-0.18999999860922495,-1.947129603575534e-09
-0.24999999950329463,-3.225875147094055e-09
-0.22999999920527142,-2.778888851705214e-09
-0.30333333363135656,-3.0503703295540637e-09
-0.2766666665673256,-3.2125418139391323e-09
-0.2833333333333333,-3.161909190868057e-09
-0.3366666674613953,-3.96666661358961e-09
-0.2433333327372869,-2.6367567214749186e-09
-0.009999995927015948,-3.011111070820127e-11
-0.009999995927015948,5.6388888134362155e-11
-0.2099999989072482,-2.5635007267333916e-09
-0.35666666775941847,-3.5075742879642308e-09
-0.009999995927015948,-2.323546313180894e-10
-0.4500000024835269,-4.2938105841730466e-09
-0.3500000009934108,-3.6411871658899806e-09
-0.009999995927015948,4.718212995285929e-11
-0.009999995927015948,1.8100584553121873e-10
-0.2433333327372869,-2.749796520326103e-09
-0.30333333363135656,-4.1030930381905445e-09
-0.22999999920527142,-2.2487962662056684e-09
-0.009999995927015948,1.2968749826468137e-10
-0.31666666716337205,-3.643111062363477e-09
-0.22333333243926368,-2.7180634556937078e-09
-0.22333333243926368,-2.423104990408038e-09
-0.009999995927015948,-6.233333249926534e-10
-0.04333332975705467,-2.807487885138964e-10
-0.11666666418313981,-1.0360476051845036e-09
-0.3300000006953875,-3.970092539469694e-09
-0.009999995927015948,-1.9268178916115259e-10
-0.29000000009934107,-3.237876669003481e-09
-0.1833333318432172,-8.243463941983678e-10
-0.009999995927015948,1.9432748277986562e-10
-0.009999995927015948,-1.5258883044555354e-10
-0.18999999860922495,-2.218333303650324e-09
-0.37000000129143396,-4.12092587078476e-09
-0.3100000003973643,-2.9276851460105012e-09
-0.21666666567325593,-2.4371295970189566e-09
-0.009999995927015948,-1.0139615920170553e-10
-0.009999995927015948,-8.564102449508278e-11
-0.5700000042716662,-5.763744215114103e-09
-0.23666666597127917,-2.6587962607195523e-09
-0.2833333333333333,-2.9687962565715144e-09
-0.009999995927015948,1.7519274141995855e-10
-0.23666666597127917,-2.2274804083792585e-09
-0.2099999989072482,-2.815243493532307e-09
-0.009999995927015948,-2.498412664982012e-10
-0.1966666653752327,-2.6202777427164415e-09
-0.5900000045696894,-6.356533561267058e-09
-0.009999995927015948,-1.9312820254400106e-10
-0.009999995927015948,-9.916230233805342e-11
-0.2833333333333333,-3.444109542956255e-09
-0.24999999950329463,-3.081408409472605e-09
-0.009999995927015948,1.776491204299354e-10
-0.009999995927015948,1.5020201819220162e-10
-0.3300000006953875,-3.2386605350508303e-09
-0.22999999920527142,-2.5980907320587047e-09
-0.23666666597127917,-2.8036306354117083e-09
-0.009999995927015948,-1.8886852568687153e-10
-0.009999995927015948,1.3105262982536228e-10
-0.009999995927015948,1.183164967333325e-10
-0.009999995927015948,1.4982992996794914e-10
-0.016666662693023693,9.972222088786223e-11
-0.39666666835546494,-4.3379029153514475e-09
-0.4433333357175191,-4.568249558355796e-09
-0.30333333363135656,-3.643936459177829e-09
-0.016666662693023693,2.1094016811762898e-10
-0.009999995927015948,8.269841159184429e-11
-0.009999995927015948,1.0494949354518994e-10
-0.029999996225039183,-2.7875816620464255e-11
-0.009999995927015948,-1.6387143468918213e-10
-0.5700000042716662,-6.021759178683478e-09
-0.24999999950329463,-2.7650925555935227e-09
-0.24999999950329463,-2.3642592276236478e-09
-0.009999995927015948,1.355204660228891e-10
-0.009999995927015948,-1.6277777559968547e-10
-0.009999995927015948,1.764444420834819e-10
-0.16333333154519397,-1.6396955640565654e-09
-0.009999995927015948,nan
-0.009999995927015948,-8.388025218792271e-11
-0.009999995927015948,1.5361677798984067e-10
-0.1966666653752327,-2.234855373444466e-09
-0.2433333327372869,-2.785833296056736e-09
-0.009999995927015948,nan
-0.576666671037674,-6.257129545904411e-09
-0.009999995927015948,-1.737899918572203e-10
-0.2766666665673256,-3.154483525865697e-09
-0.009999995927015948,1.1643757003418639e-10
-0.009999995927015948,1.0406070880231829e-10
-0.009999995927015948,-4.694444381629162e-10
-0.21666666567325593,-2.32566206933747e-09
-0.20333333214124044,-2.8769444059487103e-09
-0.2766666665673256,-2.8824073688385746e-09
-0.3900000015894572,-4.161872960183948e-09
-0.36333333452542627,-3.903796244060492e-09
-0.009999995927015948,9.781871214140266e-11
-0.029999996225039183,4.349673144412387e-11
-0.4033333351214727,-4.877686388309661e-09
-0.009999995927015948,-8.222222112202558e-11
-0.31666666716337205,-3.0227777373306808e-09
-0.38333333482344945,-4.307450475087498e-09
-0.22333333243926368,-2.367034397122247e-09
-0.04333332975705467,-4.842922309627193e-10
-0.2099999989072482,-2.5228614578707846e-09
-0.009999995927015948,-1.2665503030060443e-10
-0.4033333351214727,-4.282660349580462e-09
-0.2099999989072482,-2.5885184838821463e-09
-0.009999995927015948,-3.555555507979483e-10
-0.009999995927015948,-1.1135042586047282e-10
-0.009999995927015948,-1.5326352325462632e-10
-0.009999995927015948,-1.0417961864053874e-10
-0.29000000009934107,-3.175993697721848e-09
-0.23666666597127917,-3.094375909888624e-09
-0.2833333333333333,-2.2685235617306422e-09
-0.2833333333333333,-3.107222180645195e-09
-0.009999995927015948,-9.454032586413725e-11
-0.39666666835546494,-4.247592535756529e-09
-0.2433333327372869,-2.9472221827861175e-09
-0.009999995927015948,-1.9967422653123e-10
-0.26333333303531015,-3.239499174180391e-09
-0.26333333303531015,-3.1361110691475286e-09
-0.1833333318432172,-2.451870076738254e-09
-0.29000000009934107,-2.9473058966358343e-09
-0.2433333327372869,-2.5496087295775404e-09
-0.22333333243926368,-2.664812170915529e-09
-0.009999995927015948,-1.1595036505875987e-10
-0.3500000009934108,-3.537962915622292e-09
-0.009999995927015948,1.8334466874852105e-10
-0.009999995927015948,-7.249563602820736e-11
-0.4433333357175191,-5.174504435265644e-09
-0.2766666665673256,-3.0431481074284806e-09
-0.26999999980131784,-2.6180555205239542e-09
-0.023333329459031438,7.480392056769324e-11
-0.009999995927015948,1.4385416474178703e-10
-0.009999995927015948,1.3709049072003376e-10
-0.009999995927015948,-1.1257755066508636e-10
-0.009999995927015948,-8.608202328096598e-11
-0.3500000009934108,-4.057534192282407e-09
-0.009999995927015948,-1.125705223854871e-10
-0.009999995927015948,9.555555427694857e-11
-0.016666662693023693,9.959595826328896e-11
-0.009999995927015948,-1.328888871107332e-10
-0.3100000003973643,-4.1612962406149446e-09
-0.4033333351214727,-4.256750323558902e-09
-0.009999995927015948,-1.7660045820114094e-10
-0.3500000009934108,-3.2800925487024253e-09
-0.009999995927015948,1.419129419728022e-10
-0.009999995927015948,-1.3328679286457124e-10
-0.4033333351214727,-4.718576801397572e-09
-0.23666666597127917,-2.9061658453073142e-09
-0.576666671037674,-6.560185097404851e-09
-0.009999995927015948,1.8187134259566106e-10
-0.36333333452542627,-4.089053153423032e-09
-0.2433333327372869,-2.291296265636986e-09
-0.009999995927015948,-7.33333323520768e-11
-0.39666666835546494,-3.855740689147958e-09
-0.009999995927015948,-1.0017948583900851e-10
-0.30333333363135656,-2.764139993455077e-09
-0.08999999711910883,-5.846825318590365e-10
-0.009999995927015948,-4.6477777155869305e-10
-0.22999999920527142,-2.9985184783960293e-09
-0.009999995927015948,-1.1327515846102191e-10
-0.26333333303531015,-3.3070014778197862e-09
-0.24999999950329463,-2.489936474619238e-09
-0.39666666835546494,-4.639629567547809e-09
-0.009999995927015948,-1.8830166702557146e-10
-0.009999995927015948,1.2020618395855896e-10
-0.46333333601554233,-4.891851786395104e-09
-1.190000013510386,-1.4275585805937516e-08
-0.25666666626930235,-2.6869444084910565e-09
-0.009999995927015948,-1.566608472347636e-10
-0.009999995927015948,-1.8776032325841923e-10
-0.009999995927015948,1.6750876968842802e-10
-0.009999995927015948,1.5482455933183688e-10
-0.2766666665673256,-3.296750336404443e-09
-0.26333333303531015,-2.5130555219289355e-09
-0.009999995927015948,-4.3777777191997384e-10
-0.523333336909612,-6.2411710876594895e-09
-0.17666666507720946,-2.2723865110647657e-09
-0.4566666692495346,-4.966851785391546e-09
-0.009999995927015948,1.1478114324528463e-10
-0.009999995927015948,9.940935539497245e-11
-0.009999995927015948,-1.93923428608379e-10
-0.30333333363135656,-3.4069669213791233e-09
-0.23666666597127917,-2.245740710690999e-09
-0.26333333303531015,-3.2602434875778633e-09
-0.009999995927015948,-4.831745967093549e-10
-0.009999995927015948,-2.1141880058985695e-10
-0.009999995927015948,1.0153061088634018e-10
-0.30333333363135656,-3.3895281129407835e-09
-0.009999995927015948,1.4847953017697223e-10
-0.37000000129143396,-3.931481428875229e-09
-0.2766666665673256,-2.8906481094690483e-09
-0.3366666674613953,-3.6175925441864147e-09
-0.009999995927015948,-1.0599999858163835e-10
-0.009999995927015948,-1.4919138834692702e-10
-0.2433333327372869,-2.7625038753986352e-09
-0.3100000003973643,-3.292857098796176e-09
-0.009999995927015948,-1.7854566369585463e-10
-0.009999995927015948,-1.0580569957318534e-10
-0.39666666835546494,-4.367314756376775e-09
-0.26999999980131784,-2.6847221862985697e-09
-0.2099999989072482,-2.5415740400658537e-09
-0.26999999980131784,-3.0702777366950947e-09
-0.46333333601554233,-4.991018451734844e-09
-0.3233333339293798,-3.671705741167087e-09
-0.6166666716337204,-7.483477829850078e-09
-0.009999995927015948,1.0377777638915129e-10
-0.22999999920527142,-2.712685148887367e-09
-0.009999995927015948,-2.2438335941758943e-10
-0.43000000218550366,-4.7354628995988184e-09
-0.49666666984558105,-5.714259182798066e-09
-0.5166666701436042,-4.905422469572932e-09
-0.009999995927015948,1.8611110862080108e-10
-0.009999995927015948,-1.6981196353975087e-10
-0.009999995927015948,-1.0053519353550624e-10
-0.009999995927015948,-1.8959412526964768e-10
-0.21666666567325593,-2.4511110783133552e-09
-0.22999999920527142,-2.6670014863834793e-09
-0.009999995927015948,2.059649095247329e-10
-0.4033333351214727,-4.419695526858023e-09
-0.009999995927015948,1.5863945365959493e-10
-0.009999995927015948,-1.3388888709735246e-10
-0.009999995927015948,-9.666666537319222e-10
-0.35666666775941847,-3.6819443951771896e-09
-0.2966666668653488,-3.1101851435685104e-09
-0.2099999989072482,-2.9056650628414013e-09
-0.16999999831120172,-1.722253498081681e-09
-0.009999995927015948,-1.1662636573939186e-10
-0.009999995927015948,1.5422222015861013e-10
-0.009999995927015948,1.2298610946546218e-10
-0.2966666668653488,-3.1498147726678645e-09
-0.4566666692495346,-4.933888822869652e-09
-0.1966666653752327,-2.0424657260948924e-09
-0.2099999989072482,-2.356698381163971e-09
-0.3100000003973643,-3.72968792574078e-09
-0.009999995927015948,2.1005154358110108e-10
-0.21666666567325593,-2.6649451912580378e-09
-0.26999999980131784,-2.9715179571089083e-09
-0.009999995927015948,1.2392360945291766e-10
-0.22999999920527142,-2.021296269249794e-09
-0.24999999950329463,-2.658873632610957e-09
-0.009999995927015948,1.4911110911588948e-10
-0.46333333601554233,-4.664907344987349e-09
-0.009999995927015948,1.262847205324354e-10
-0.009999995927015948,2.234268975951713e-10
-0.5900000045696894,-7.034124715619236e-09
-0.009999995927015948,-1.5514946210897788e-10
-0.4700000027815501,-4.86906386178881e-09
-0.3766666680574417,-4.745015585960301e-09
-0.26999999980131784,-2.755833296458159e-09
-0.2433333327372869,-2.8968518130897412e-09
-0.009999995927015948,9.905263025354677e-11
-0.24999999950329463,-2.4623865085224182e-09
-0.009999995927015948,1.7459064093869658e-10
-0.009999995927015948,1.5796105172370193e-10
-0.1833333318432172,-1.7101851623015891e-09
-0.3100000003973643,-2.4671987150307973e-09
-0.26333333303531015,-3.0127777374644895e-09
-0.05666666328907011,-6.207902890329409e-10
-0.1966666653752327,-2.008619020742177e-09
-0.009999995927015948,-1.3315198440139822e-10
-0.009999995927015948,1.0189003300089409e-10
-0.3100000003973643,-3.172331725939863e-09
-0.21666666567325593,-2.9127853491525406e-09
-0.009999995927015948,-1.195768550493651e-10
-0.46333333601554233,-5.311296225227057e-09
-0.48333333631356556,-4.2307153162969216e-09
-0.20333333214124044,-2.6482419736969008e-09
-0.22999999920527142,-2.7136462860680377e-09
-0.7966666743159294,-9.16083321075432e-09
-0.2433333327372869,-2.9233332942168795e-09
-0.009999995927015948,-1.7164630369509588e-10
-0.009999995927015948,1.952280675631367e-10
-0.11666666418313981,-1.4983333132844784e-09
-0.3500000009934108,-4.173403700025186e-09
-0.009999995927015948,-1.3552064972822323e-10
-0.4033333351214727,-4.22314809163917e-09
-0.009999995927015948,1.2250292233742484e-10
-0.016666662693023693,1.4962962762747003e-10
-0.5633333375056585,-5.487314741390313e-09
-0.009999995927015948,-4.799999935772303e-10
-0.009999995927015948,-1.0461538321555023e-10
-0.35666666775941847,-3.7237036538776794e-09
-0.26999999980131784,-2.919536997971381e-09
-0.009999995927015948,1.6295138670847368e-10
-0.009999995927015948,1.5252004377817932e-10
-0.009999995927015948,1.4819882842634224e-10
-0.009999995927015948,-1.8883071300558593e-10
-0.25666666626930235,-2.613771483022592e-09
-0.009999995927015948,9.507445462702872e-11
-0.36333333452542627,-4.393611052321208e-09
-0.009999995927015948,-2.0716695476139616e-10
-0.2099999989072482,-2.2796346726930786e-09
-0.22333333243926368,-2.522777744021067e-09
-0.6166666716337204,-7.429999900580874e-09
-0.009999995927015948,-1.1602932726864531e-10
-0.009999995927015948,1.1701388732315296e-10
-0.39666666835546494,-4.143106360837473e-09
-0.009999995927015948,1.8018140348472565e-10
-0.2833333333333333,-2.9762036638798045e-09
-0.03666666299104693,-4.717973793079027e-10
-0.2966666668653488,-3.0830555143018962e-09
-0.009999995927015948,1.2471344862363563e-10
-0.009999995927015948,-2.0666666390130738e-10
-0.009999995927015948,2.2239180988972356e-10
-0.4566666692495346,-5.379269334413924e-09
-0.22333333243926368,-2.6824073715147295e-09
-0.009999995927015948,1.6121637211180653e-10
-0.009999995927015948,-1.8214077708579464e-10
-0.009999995927015948,-1.274578226109792e-10
-0.009999995927015948,1.4353800977525733e-10
-0.009999995927015948,-2.0995969782385332e-10
-0.009999995927015948,nan
-0.009999995927015948,-1.9577661169100376e-10
-0.009999995927015948,1.8340350631784958e-10
-0.2966666668653488,-3.5010184716721923e-09
-0.343333334227403,-3.3954261341708432e-09
-0.23666666597127917,-2.7287962597828984e-09
-0.009999995927015948,-4.0240740202288643e-10
-0.3366666674613953,-3.0955555141346363e-09
-0.009999995927015948,1.2309941355751323e-10
-0.523333336909612,-5.512870296603916e-09
-0.009999995927015948,2.221169560922313e-10
-0.24999999950329463,-2.424629597186217e-09
-0.24999999950329463,-3.0280440995128765e-09
-0.6700000057617823,-7.310958806283323e-09
-0.29000000009934107,-2.4788888557194456e-09
-0.46333333601554233,-5.365258144171152e-09
-0.023333329459031438,-3.876285188596662e-10
-0.26333333303531015,-3.2291904329814196e-09
-0.2433333327372869,-2.926666627505611e-09
-0.2766666665673256,-3.071231190135791e-09
-0.009999995927015948,-2.0436009034287517e-10
-0.009999995927015948,1.585374128446338e-10
-0.016666662693023693,5.707070630705717e-11
-0.009999995927015948,1.1048821400979817e-10
-0.7100000063578288,-8.269383450993111e-09
-0.009999995927015948,-2.418848135173215e-10
-0.41666666865348817,-4.899722156660162e-09
-0.16333333154519397,-1.6534083862845297e-09
-0.1833333318432172,-1.6824073848954998e-09
-0.016666662693023693,-1.7294623424498582e-10
-0.4233333354194959,-5.0318517845217955e-09
-0.3233333339293798,-2.8424412765199352e-09
-0.26999999980131784,-3.363943616959672e-09
-0.26333333303531015,-3.1684819607331594e-09
-0.26999999980131784,-2.7492018411478325e-09
-0.009999995927015948,-2.2374208105912315e-10
-0.22333333243926368,-2.9525189863682105e-09
-0.2766666665673256,-2.5390486722660583e-09
-0.009999995927015948,1.2125146036586623e-10
-0.3900000015894572,-4.320289457058176e-09
-0.22999999920527142,-2.5790740395640763e-09
-0.5033333366115887,-4.854444379488235e-09
-0.009999995927015948,2.1453800882522258e-10
-0.009999995927015948,-1.6968623837425735e-10
-0.3100000003973643,-3.2589814378737972e-09
-0.3100000003973643,-3.1549999577836678e-09
-0.5300000036756197,-5.345185113662487e-09
-0.009999995927015948,-2.2821407489861768e-10
-0.08999999711910883,-1.087222207674351e-09
-0.30333333363135656,-2.9877016342992662e-09
-0.05666666328907011,-4.660033105141021e-10
-0.24999999950329463,-2.516888855210976e-09
-0.3366666674613953,-3.2955555114584826e-09
-0.3900000015894572,-4.219365022906724e-09
-0.009999995927015948,-2.0131471516547445e-10
-0.2833333333333333,-2.940492918400417e-09
-0.009999995927015948,1.8208476274111428e-10
-0.7700000072518984,-8.050654382382583e-09
-0.009999995927015948,2.131944415917385e-10
-0.009999995927015948,-1.7939208602309777e-10
-0.009999995927015948,-1.401842238006809e-10
-0.009999995927015948,1.4090908902361858e-10
-0.30333333363135656,-3.160925883630301e-09
-0.009999995927015948,2.2610526013243225e-10
-0.25666666626930235,-3.053611070251441e-09
-0.41666666865348817,-4.9067591936030375e-09
-0.5033333366115887,-5.374855331428847e-09
-0.6900000060598055,-6.676126671231659e-09
-0.009999995927015948,1.7992982215380382e-10
-0.2766666665673256,-3.069074033007497e-09
-0.2966666668653488,-3.647129580828225e-09
-0.2966666668653488,-3.5176331340576882e-09
-0.009999995927015948,2.1419882754321142e-10
-0.009999995927015948,1.3938775323692535e-10
-0.1966666653752327,-2.1484258971783303e-09
-0.009999995927015948,-7.697777674775582e-10
-0.009999995927015948,-1.1639325033320275e-10
-0.1966666653752327,-2.541846601355896e-09
-0.009999995927015948,2.3166081561365016e-10
-0.2766666665673256,-3.050277736962711e-09
-0.009999995927015948,4.30555549794391e-11
